0.6117647059
    0.0078431373
    0.3803921569
    0.8392156863
    0.8588235294
    0.3176470588
    0.5019607843
    0.6549019608
    0.2980392157
    0.3254901961
    0.7921568627
    0.4313725490
    0.7725490196
    0.6039215686
    0.5450980392
    1.0000000000
    0.9176470588
    0.2352941176
    0.9411764706
    0.6823529412
    0.9058823529
    0.6352941176
    0.3294117647
    0.5882352941
    0.2196078431
    0.8666666667
    0.6705882353
    0.1529411765
    0.4784313725
    0.6392156863
    0.8352941176
    0.3960784314
    0.2352941176
    0.5450980392
    0.1137254902
    0.6705882353
    0.8235294118
    0.7921568627
    0.1333333333
    0.4666666667
    0.5490196078
    0.9058823529
    0.5960784314
    0.5725490196
    0.7686274510
    0.0627450980
    0.3176470588
    0.3294117647
    0.4000000000
    0.3764705882
    0.6392156863
    0.8274509804
    0.8823529412
    0.9137254902
    0.3803921569
    0.1411764706
    0.3647058824
    0.5843137255
    0.6941176471
    0.6156862745
    0.2117647059
    0.0313725490
    0.5764705882
    0.1647058824
    0.3960784314
    0.1058823529
    0.6078431373
    0.5333333333
    0.1490196078
    0.2235294118
    0.5843137255
    0.6705882353
    0.7294117647
    0.3960784314
    0.5450980392
    0.6627450980
    0.1764705882
    0.7568627451
    0.3058823529
    0.8627450980
    0.7019607843
    0.8000000000
    0.4627450980
    0.0470588235
    0.5176470588
    0.2784313725
    0.9921568627
    0.6313725490
    0.8392156863
    0.5607843137
    0.6901960784
    0.2000000000
    0.3058823529
    0.8274509804
    0.3372549020
    0.6196078431
    0.8784313725
    0.1647058824
    0.7098039216
    0.7529411765