1100	5.31E-04	0.00312		1100	0.005028132	0.009035193
1099	5.87E-04	0.00304		1099	0.005039157	0.009055427
1098	5.10E-04	0.00295		1098	0.005050214	0.009075722
1097	5.18E-04	0.00284		1097	0.005061304	0.009096079
1096	5.21E-04	0.00286		1096	0.005072427	0.009116498
1095	4.85E-04	0.00283		1095	0.005083583	0.009136979
1094	5.34E-04	0.00278		1094	0.005094773	0.009157522
1093	4.81E-04	0.00291		1093	0.005105995	0.009178128
1092	5.20E-04	0.00284		1092	0.005117252	0.009198796
1091	5.64E-04	0.00287		1091	0.005128541	0.009219528
1090	4.99E-04	0.00278		1090	0.005139865	0.009240323
1089	5.87E-04	0.00285		1089	0.005151222	0.009261181
1088	5.50E-04	0.00296		1088	0.005162614	0.009282104
1087	5.68E-04	0.00279		1087	0.005174039	0.00930309
1086	5.65E-04	0.00276		1086	0.005185499	0.009324141
1085	5.17E-04	0.00277		1085	0.005196993	0.009345256
1084	5.12E-04	0.00298		1084	0.005208521	0.009366436
1083	5.46E-04	0.00294		1083	0.005220082	0.009387673
1082	5.78E-04	0.00285		1082	0.005231664	0.009408943
1081	5.37E-04	0.00281		1081	0.005243282	0.009430278
1080	4.67E-04	0.00296		1080	0.005254935	0.009451678
1079	5.26E-04	0.0029		1079	0.005266623	0.009473145
1078	5.45E-04	0.00291		1078	0.005278346	0.009494677
1077	5.43E-04	0.00294		1077	0.005290104	0.009516276
1076	4.93E-04	0.00292		1076	0.005301898	0.009537942
1075	5.16E-04	0.00301		1075	0.005313727	0.009559674
1074	5.11E-04	0.00285		1074	0.005325593	0.009581474
1073	5.56E-04	0.00297		1073	0.005337494	0.00960334
1072	5.46E-04	0.00299		1072	0.005349431	0.009625275
1071	5.65E-04	0.00301		1071	0.005361404	0.009647277
1070	5.39E-04	0.00304		1070	0.005373414	0.009669348
1069	5.54E-04	0.00303		1069	0.00538546	0.009691487
1068	5.33E-04	0.003		1068	0.005397543	0.009713695
1067	5.80E-04	0.00297		1067	0.005409662	0.009735972
1066	5.39E-04	0.00299		1066	0.005421819	0.009758318
1065	4.88E-04	0.00298		1065	0.005434012	0.009780734
1064	4.63E-04	0.00298		1064	0.005446243	0.00980322
1063	4.77E-04	0.00301		1063	0.005458511	0.009825775
1062	5.25E-04	0.00292		1062	0.005470812	0.009848394
1061	4.92E-04	0.00299		1061	0.005483121	0.009871021
1060	5.56E-04	0.00294		1060	0.005495468	0.009893719
1059	5.30E-04	0.00296		1059	0.005507852	0.009916487
1058	5.40E-04	0.00296		1058	0.005520274	0.009939327
1057	5.65E-04	0.00292		1057	0.005532734	0.009962237
1056	5.14E-04	0.00297		1056	0.005545232	0.00998522
1055	5.58E-04	0.003		1055	0.005557768	0.010008274
1054	5.59E-04	0.00299		1054	0.005570343	0.010031401
1053	5.69E-04	0.00304		1053	0.005582956	0.0100546
1052	5.72E-04	0.00301		1052	0.005595608	0.010077872
1051	5.65E-04	0.00302		1051	0.005608299	0.010101216
1050	5.60E-04	0.00307		1050	0.005621029	0.010124635
1049	5.56E-04	0.00308		1049	0.005633799	0.010148127
1048	5.33E-04	0.00302		1048	0.005646607	0.010171693
1047	5.46E-04	0.00302		1047	0.005659455	0.010195333
1046	5.88E-04	0.00297		1046	0.005672343	0.010219047
1045	5.86E-04	0.00304		1045	0.00568527	0.010242837
1044	6.02E-04	0.00309		1044	0.005698237	0.010266702
1043	5.58E-04	0.00307		1043	0.005711245	0.010290642
1042	5.95E-04	0.0031		1042	0.005724293	0.010314658
1041	6.22E-04	0.00312		1041	0.005737385	0.010338756
1040	6.11E-04	0.00312		1040	0.005750525	0.010362939
1039	6.08E-04	0.00316		1039	0.005763705	0.0103872
1038	6.62E-04	0.00309		1038	0.005776926	0.010411537
1037	6.35E-04	0.00313		1037	0.005790188	0.010435952
1036	5.91E-04	0.00313		1036	0.005803492	0.010460445
1035	6.46E-04	0.00317		1035	0.005816837	0.010485015
1034	6.32E-04	0.00316		1034	0.005830223	0.010509664
1033	6.21E-04	0.00315		1033	0.005843652	0.010534392
1032	6.33E-04	0.00321		1032	0.005857122	0.010559198
1031	6.26E-04	0.0032		1031	0.005870635	0.010584084
1030	6.26E-04	0.00322		1030	0.00588419	0.010609049
1029	6.38E-04	0.00325		1029	0.005897787	0.010634094
1028	6.28E-04	0.00322		1028	0.005911427	0.01065922
1027	6.23E-04	0.00324		1027	0.00592511	0.010684426
1026	6.38E-04	0.00328		1026	0.005938835	0.010709713
1025	6.20E-04	0.00332		1025	0.005952604	0.010735081
1024	5.83E-04	0.0033		1024	0.005966416	0.010760531
1023	6.19E-04	0.00332		1023	0.005980272	0.010786063
1022	5.84E-04	0.00336		1022	0.005994171	0.010811677
1021	5.58E-04	0.0033		1021	0.006008103	0.010837353
1020	5.96E-04	0.00332		1020	0.006022037	0.010863029
1019	6.25E-04	0.0033		1019	0.006036015	0.010888789
1018	6.13E-04	0.00338		1018	0.006050036	0.010914631
1017	6.22E-04	0.00339		1017	0.006064102	0.010940556
1016	6.18E-04	0.00339		1016	0.006078212	0.010966565
1015	6.65E-04	0.00338		1015	0.006092367	0.010992658
1014	6.49E-04	0.00343		1014	0.006106566	0.011018836
1013	6.31E-04	0.00344		1013	0.006120811	0.011045098
1012	6.07E-04	0.00347		1012	0.0061351	0.011071445
1011	6.25E-04	0.0035		1011	0.006149435	0.011097877
1010	6.33E-04	0.00351		1010	0.006163815	0.011124395
1009	6.19E-04	0.00352		1009	0.006178241	0.011150999
1008	6.27E-04	0.00353		1008	0.006192713	0.01117769
1007	5.78E-04	0.00352		1007	0.006207231	0.011204467
1006	5.97E-04	0.00353		1006	0.006221795	0.011231332
1005	5.16E-04	0.00357		1005	0.006236405	0.011258283
1004	4.51E-04	0.0036		1004	0.006251062	0.011285323
1003	4.84E-04	0.00365		1003	0.006265766	0.011312451
1002	4.85E-04	0.00367		1002	0.006280516	0.011339668
1001	5.11E-04	0.00362		1001	0.006295311	0.011366968
1000	5.23E-04	0.00368		1000	0.006310145	0.011394347
999	5.45E-04	0.0037		999	0.006325027	0.011421815
998	6.17E-04	0.00371		998	0.006339957	0.011449372
997	6.28E-04	0.00372		997	0.006354935	0.01147702
996	6.45E-04	0.00372		996	0.00636996	0.011504759
995	6.29E-04	0.00377		995	0.006385034	0.011532589
994	6.07E-04	0.0038		994	0.006400156	0.011560511
993	6.06E-04	0.0038		993	0.006415327	0.011588524
992	5.74E-04	0.00384		992	0.006430547	0.011616629
991	5.55E-04	0.00384		991	0.006445815	0.011644827
990	5.07E-04	0.00386		990	0.006461133	0.011673119
989	4.85E-04	0.00388		989	0.006476501	0.011701503
988	4.66E-04	0.00392		988	0.006491918	0.011729981
987	4.64E-04	0.0039		987	0.006507384	0.011758554
986	4.58E-04	0.00396		986	0.006522901	0.011787221
985	4.70E-04	0.00399		985	0.006538468	0.011815983
984	4.87E-04	0.00399		984	0.006554086	0.011844841
983	4.46E-04	0.00399		983	0.006569754	0.011873794
982	5.10E-04	0.00401		982	0.006585473	0.011902843
981	4.91E-04	0.00405		981	0.006601252	0.011932011
980	5.03E-04	0.00405		980	0.006617085	0.011961281
979	5.12E-04	0.00411		979	0.006632969	0.011990649
978	4.77E-04	0.00414		978	0.006648904	0.012020115
977	4.87E-04	0.00419		977	0.006664892	0.012049679
976	5.00E-04	0.00418		976	0.006680932	0.012079342
975	5.11E-04	0.00419		975	0.006697025	0.012109104
974	4.99E-04	0.0042		974	0.00671317	0.012138966
973	5.05E-04	0.00421		973	0.006729368	0.012168928
972	4.85E-04	0.00427		972	0.006745619	0.012198991
971	4.97E-04	0.00432		971	0.006761923	0.012229154
970	4.55E-04	0.00435		970	0.006778281	0.012259419
969	4.71E-04	0.00431		969	0.006794692	0.012289786
968	4.96E-04	0.00435		968	0.006811158	0.012320255
967	4.86E-04	0.00439		967	0.006827678	0.012350827
966	4.86E-04	0.00443		966	0.006844252	0.012381502
965	5.01E-04	0.00442		965	0.006860881	0.01241228
964	4.81E-04	0.00451		964	0.006877564	0.012443163
963	4.85E-04	0.00451		963	0.006894303	0.01247415
962	4.64E-04	0.00452		962	0.006911107	0.012505265
961	4.64E-04	0.00454		961	0.006927971	0.012536495
960	4.71E-04	0.00463		960	0.006944892	0.012567832
959	4.82E-04	0.00456		959	0.006961868	0.012599276
958	4.58E-04	0.00463		958	0.0069789	0.012630826
957	4.83E-04	0.00464		957	0.00699599	0.012662484
956	5.30E-04	0.00461		956	0.007013136	0.01269425
955	5.32E-04	0.00472		955	0.007030339	0.012726124
954	5.65E-04	0.00472		954	0.007047599	0.012758107
953	5.42E-04	0.00471		953	0.007064917	0.012790199
952	5.85E-04	0.00472		952	0.007082293	0.012822401
951	5.95E-04	0.00476		951	0.007099727	0.012854713
950	5.80E-04	0.00478		950	0.007117219	0.012887136
949	5.99E-04	0.00484		949	0.00713477	0.012919671
948	5.96E-04	0.00493		948	0.00715238	0.012952317
947	6.11E-04	0.00486		947	0.007170048	0.012985075
946	6.29E-04	0.00488		946	0.007187776	0.013017946
945	6.42E-04	0.00487		945	0.007205563	0.01305093
944	6.39E-04	0.00492		944	0.007223411	0.013084027
943	6.68E-04	0.00496		943	0.007241357	0.013117321
942	6.96E-04	0.00497		942	0.007259365	0.013150733
941	7.21E-04	0.005		941	0.007277435	0.013184262
940	6.56E-04	0.00502		940	0.007295566	0.013217907
939	6.74E-04	0.00503		939	0.007313758	0.013251668
938	7.16E-04	0.00505		938	0.007332011	0.013285547
937	7.02E-04	0.00508		937	0.007350327	0.013319544
936	7.33E-04	0.00512		936	0.007368704	0.013353659
935	7.11E-04	0.00513		935	0.007387144	0.013387893
934	7.03E-04	0.00517		934	0.007405647	0.013422246
933	7.15E-04	0.00516		933	0.007424213	0.013456719
932	7.18E-04	0.0052		932	0.007442842	0.013491313
931	7.20E-04	0.00528		931	0.007461534	0.013526027
930	6.75E-04	0.00529		930	0.00748029	0.013560864
929	6.18E-04	0.00535		929	0.007499111	0.013595822
928	6.70E-04	0.00538		928	0.007517995	0.013630903
927	6.62E-04	0.00541		927	0.007536944	0.013666107
926	7.09E-04	0.00544		926	0.007555958	0.013701434
925	7.39E-04	0.00544		925	0.007575086	0.013736986
924	7.72E-04	0.00546		924	0.007594317	0.013772739
923	8.20E-04	0.0055		923	0.007613614	0.013808619
922	8.43E-04	0.0055		922	0.007632978	0.013844626
921	9.03E-04	0.00553		921	0.007652408	0.01388076
920	9.33E-04	0.00559		920	0.007671906	0.013917023
919	8.55E-04	0.00559		919	0.007691471	0.013953415
918	8.26E-04	0.00559		918	0.007711103	0.013989936
917	8.66E-04	0.00566		917	0.007730804	0.014026587
916	8.06E-04	0.00568		916	0.007750573	0.014063369
915	7.62E-04	0.00568		915	0.007770411	0.014100282
914	7.72E-04	0.00572		914	0.007790318	0.014137327
913	7.35E-04	0.00577		913	0.007810294	0.014174505
912	7.47E-04	0.00578		912	0.00783034	0.014211815
911	7.18E-04	0.0058		911	0.007850456	0.014249259
910	7.28E-04	0.00582		910	0.007870642	0.014286838
909	7.35E-04	0.0058		909	0.007890898	0.014324551
908	7.69E-04	0.00586		908	0.007911225	0.0143624
907	7.61E-04	0.00594		907	0.007931673	0.014400485
906	7.92E-04	0.00601		906	0.007952232	0.014438788
905	7.96E-04	0.00604		905	0.007972864	0.014477229
904	7.62E-04	0.00606		904	0.007993568	0.014515809
903	8.51E-04	0.00607		903	0.008014345	0.01455453
902	8.67E-04	0.00616		902	0.008035196	0.01459339
901	8.12E-04	0.00618		901	0.00805612	0.014632392
900	8.31E-04	0.00618		900	0.008077118	0.014671536
899	8.38E-04	0.0062		899	0.00809819	0.014710823
898	8.29E-04	0.00625		898	0.008119338	0.014750252
897	8.13E-04	0.00627		897	0.00814056	0.014789825
896	7.51E-04	0.00629		896	0.008161857	0.014829543
895	7.50E-04	0.00639		895	0.00818323	0.014869406
894	7.63E-04	0.00642		894	0.00820468	0.014909415
893	7.10E-04	0.00645		893	0.008226205	0.014949571
892	7.16E-04	0.00653		892	0.008247807	0.014989873
891	7.76E-04	0.0065		891	0.008269487	0.015030324
890	7.57E-04	0.00656		890	0.008291243	0.015070923
889	8.05E-04	0.00658		889	0.008313218	0.015111945
888	8.89E-04	0.00658		888	0.008335289	0.015153153
887	8.91E-04	0.00663		887	0.008357439	0.015194514
886	9.47E-04	0.00665		886	0.00837967	0.015236029
885	9.23E-04	0.00677		885	0.00840198	0.015277698
884	9.58E-04	0.00676		884	0.008424372	0.015319522
883	9.40E-04	0.00677		883	0.008446844	0.015361502
882	9.55E-04	0.00681		882	0.008469398	0.015403639
881	9.46E-04	0.00688		881	0.008492033	0.015445933
880	8.99E-04	0.00685		880	0.008514751	0.015488385
879	9.19E-04	0.00699		879	0.008537551	0.015530995
878	8.68E-04	0.00692		878	0.008560434	0.015573765
877	7.48E-04	0.00702		877	0.0085834	0.015616696
876	7.95E-04	0.00695		876	0.008606451	0.015659788
875	7.41E-04	0.00707		875	0.008629585	0.015703041
874	6.73E-04	0.007		874	0.008652803	0.015746457
873	6.66E-04	0.00722		873	0.008676107	0.015790037
872	6.64E-04	0.00717		872	0.008699588	0.015833965
871	7.39E-04	0.00729		871	0.008723225	0.0158782
870	7.20E-04	0.00738		870	0.008746949	0.015922602
869	7.28E-04	0.00736		869	0.008770761	0.015967174
868	8.43E-04	0.00737		868	0.008794661	0.016011915
867	8.80E-04	0.00742		867	0.008818649	0.016056827
866	8.23E-04	0.00744		866	0.008842727	0.01610191
865	8.29E-04	0.00762		865	0.008866893	0.016147166
864	8.43E-04	0.00753		864	0.008891149	0.016192595
863	8.61E-04	0.00761		863	0.008915495	0.016238198
862	8.22E-04	0.00767		862	0.008939932	0.016283975
861	8.12E-04	0.00778		861	0.008964459	0.016329929
860	8.50E-04	0.00768		860	0.008989078	0.016376058
859	8.26E-04	0.00783		859	0.009013789	0.016422366
858	8.63E-04	0.00784		858	0.009038592	0.016468851
857	8.10E-04	0.00801		857	0.009063487	0.016515516
856	7.78E-04	0.00799		856	0.009088476	0.01656236
855	7.50E-04	0.00803		855	0.009113688	0.016609638
854	8.53E-04	0.00807		854	0.00913909	0.016657283
853	8.68E-04	0.0082		853	0.009164587	0.016705115
852	8.44E-04	0.00821		852	0.009190181	0.016753133
851	8.65E-04	0.00825		851	0.009215872	0.016801339
850	8.43E-04	0.00822		850	0.009241661	0.016849733
849	7.90E-04	0.00842		849	0.009267547	0.016898318
848	8.10E-04	0.00845		848	0.009293532	0.016947093
847	8.17E-04	0.00855		847	0.009319616	0.016996059
846	8.58E-04	0.00855		846	0.009345799	0.017045219
845	8.14E-04	0.00854		845	0.009372082	0.017094572
844	8.58E-04	0.00867		844	0.009398466	0.017144119
843	8.01E-04	0.00872		843	0.00942495	0.017193862
842	8.49E-04	0.00877		842	0.009451535	0.017243801
841	8.82E-04	0.00884		841	0.009478222	0.017293938
840	8.55E-04	0.00887		840	0.009505012	0.017344274
839	8.67E-04	0.00893		839	0.009531904	0.017394809
838	8.64E-04	0.00897		838	0.009559154	0.017446035
837	8.54E-04	0.00906		837	0.009586529	0.017497503
836	8.34E-04	0.00912		836	0.009614011	0.017549179
835	8.48E-04	0.00924		835	0.009641599	0.017601061
834	8.21E-04	0.00925		834	0.009669295	0.017653153
833	8.04E-04	0.00928		833	0.009697098	0.017705455
832	8.26E-04	0.00936		832	0.009725011	0.017757967
831	8.43E-04	0.0094		831	0.009753032	0.017810692
830	9.10E-04	0.0095		830	0.009781163	0.017863629
829	9.80E-04	0.00944		829	0.009809403	0.017916781
828	9.95E-04	0.00951		828	0.009837755	0.017970148
827	0.00101	0.00954		827	0.009866217	0.018023732
826	9.54E-04	0.00963		826	0.009894792	0.018077533
825	9.87E-04	0.00969		825	0.009923479	0.018131552
824	0.00104	0.00969		824	0.009952278	0.018185792
823	9.72E-04	0.00978		823	0.009981191	0.018240252
822	9.64E-04	0.00978		822	0.010010407	0.018295295
821	8.85E-04	0.00983		821	0.010039864	0.018350804
820	8.37E-04	0.00985		820	0.010069439	0.018406542
819	8.19E-04	0.00994		819	0.010099132	0.018462511
818	8.36E-04	0.01011		818	0.010128944	0.018518711
817	7.60E-04	0.01004		817	0.010158875	0.018575145
816	7.03E-04	0.01013		816	0.010188926	0.018631812
815	7.17E-04	0.0102		815	0.010219098	0.018688715
814	7.62E-04	0.0103		814	0.010249391	0.018745855
813	7.42E-04	0.01048		813	0.010279806	0.018803232
812	7.54E-04	0.01046		812	0.010310344	0.018860848
811	8.52E-04	0.01055		811	0.010341004	0.018918705
810	8.76E-04	0.01068		810	0.010371788	0.018976803
809	8.39E-04	0.01072		809	0.010402697	0.019035145
808	8.76E-04	0.01079		808	0.01043373	0.01909373
807	8.02E-04	0.01097		807	0.01046489	0.019152561
806	8.36E-04	0.01101		806	0.010496382	0.019212033
805	8.93E-04	0.01105		805	0.010528153	0.019272042
804	8.51E-04	0.01103		804	0.010560054	0.019332306
803	8.67E-04	0.01119		803	0.010592087	0.019392827
802	8.64E-04	0.01126		802	0.010624252	0.019453606
801	8.53E-04	0.01129		801	0.010656549	0.019514644
800	8.21E-04	0.01137		800	0.010688979	0.019575943
799	8.99E-04	0.01141		799	0.010721543	0.019637504
798	8.98E-04	0.01149		798	0.010754242	0.019699329
797	8.58E-04	0.01154		797	0.010787076	0.019761418
796	8.42E-04	0.01176		796	0.010820046	0.019823774
795	8.52E-04	0.01175		795	0.010853153	0.019886398
794	8.61E-04	0.01179		794	0.010886397	0.019949292
793	8.73E-04	0.01192		793	0.010919779	0.020012456
792	8.59E-04	0.01201		792	0.010953301	0.020075892
791	8.97E-04	0.01203		791	0.010986962	0.020139603
790	8.81E-04	0.01217		790	0.011021128	0.020204287
789	8.35E-04	0.01223		789	0.011055488	0.020269349
788	8.74E-04	0.01226		788	0.011089993	0.020334696
787	8.32E-04	0.01243		787	0.011124645	0.02040033
786	8.79E-04	0.01239		786	0.011159444	0.020466253
785	8.35E-04	0.01261		785	0.01119439	0.020532465
784	8.39E-04	0.01257		784	0.011229485	0.020598969
783	8.41E-04	0.0128		783	0.011264728	0.020665767
782	8.26E-04	0.01289		782	0.011300123	0.020732859
781	8.27E-04	0.01289		781	0.011335667	0.020800249
780	8.75E-04	0.01305		780	0.011371364	0.020867936
779	8.87E-04	0.01315		779	0.011407213	0.020935923
778	8.33E-04	0.01328		778	0.011443216	0.021004212
777	8.16E-04	0.01326		777	0.011479372	0.021072805
776	8.61E-04	0.01341		776	0.011515684	0.021141702
775	8.85E-04	0.01364		775	0.011552372	0.021211316
774	8.08E-04	0.01354		774	0.01158945	0.021281672
773	8.22E-04	0.01362		773	0.011626689	0.021352345
772	8.50E-04	0.01379		772	0.01166409	0.021423338
771	8.72E-04	0.01379		771	0.011701654	0.021494652
770	8.57E-04	0.01396		770	0.011739383	0.021566289
769	9.01E-04	0.01399		769	0.011777276	0.021638252
768	9.12E-04	0.01417		768	0.011815336	0.021710541
767	8.19E-04	0.01424		767	0.011853563	0.02178316
766	8.89E-04	0.01435		766	0.011891957	0.021856109
765	9.16E-04	0.01447		765	0.01193052	0.02192939
764	9.18E-04	0.0145		764	0.011969253	0.022003007
763	8.98E-04	0.01448		763	0.012008157	0.02207696
762	9.21E-04	0.01469		762	0.012047232	0.022151251
761	9.06E-04	0.01477		761	0.01208648	0.022225883
760	8.89E-04	0.01496		760	0.012126105	0.022301242
759	8.91E-04	0.01504		759	0.012166225	0.022377552
758	8.81E-04	0.0151		758	0.012206526	0.022454219
757	8.36E-04	0.01523		757	0.012247008	0.022531243
756	8.94E-04	0.01533		756	0.012287672	0.022608626
755	8.94E-04	0.01533		755	0.012328519	0.022686372
754	8.83E-04	0.01553		754	0.012369551	0.022764481
753	9.12E-04	0.01575		753	0.012410768	0.022842957
752	8.65E-04	0.01576		752	0.012452171	0.022921801
751	8.93E-04	0.01595		751	0.012493762	0.023001016
750	8.91E-04	0.01604		750	0.012535542	0.023080604
749	9.14E-04	0.01616		749	0.012577511	0.023160566
748	8.66E-04	0.0161		748	0.012619671	0.023240906
747	8.14E-04	0.01634		747	0.012662022	0.023321625
746	8.73E-04	0.01648		746	0.012704567	0.023402727
745	8.74E-04	0.01665		745	0.012747619	0.023484788
744	8.86E-04	0.01675		744	0.012791088	0.023567643
743	8.75E-04	0.01683		743	0.012834759	0.023650897
742	8.95E-04	0.01702		742	0.012878632	0.023734551
741	8.95E-04	0.0171		741	0.012922709	0.023818607
740	9.17E-04	0.01716		740	0.01296699	0.023903069
739	8.57E-04	0.01736		739	0.013011477	0.023987939
738	9.16E-04	0.01748		738	0.013056172	0.024073218
737	8.71E-04	0.01761		737	0.013101075	0.024158911
736	9.01E-04	0.01767		736	0.013146188	0.024245019
735	9.27E-04	0.01787		735	0.013191511	0.024331545
734	9.15E-04	0.01798		734	0.013237047	0.024418491
733	9.18E-04	0.01813		733	0.013282796	0.024505861
732	9.61E-04	0.01828		732	0.01332876	0.024593656
731	0.00101	0.01843		731	0.013374983	0.024681959
730	9.18E-04	0.01849		730	0.013421996	0.024771757
729	9.60E-04	0.0186		729	0.013469233	0.024861999
728	9.38E-04	0.01884		728	0.013516697	0.024952688
727	9.39E-04	0.01897		727	0.013564387	0.025043828
726	9.29E-04	0.01911		726	0.013612306	0.025135421
725	9.08E-04	0.01929		725	0.013660454	0.02522747
724	8.92E-04	0.01944		724	0.013708834	0.025319978
723	9.19E-04	0.01951		723	0.013757446	0.025412948
722	9.32E-04	0.01967		722	0.013806293	0.025506382
721	9.35E-04	0.01983		721	0.013855375	0.025600284
720	9.31E-04	0.0199		720	0.013904694	0.025694656
719	9.39E-04	0.02009		719	0.013954251	0.025789502
718	9.71E-04	0.02034		718	0.014004049	0.025884825
717	9.86E-04	0.02044		717	0.014054087	0.025980627
716	9.76E-04	0.02056		716	0.014104886	0.026077864
715	9.42E-04	0.02073		715	0.014156032	0.026175778
714	9.40E-04	0.02082		714	0.014207431	0.026274193
713	9.71E-04	0.02101		713	0.014259083	0.026373111
712	9.78E-04	0.02124		712	0.01431099	0.026472535
711	9.30E-04	0.02139		711	0.014363154	0.026572469
710	9.51E-04	0.02148		710	0.014415575	0.026672917
709	9.27E-04	0.02171		709	0.014468257	0.026773882
708	9.13E-04	0.02188		708	0.0145212	0.026875366
707	9.10E-04	0.02207		707	0.014574406	0.026977374
706	9.47E-04	0.02224		706	0.014627877	0.027079909
705	9.68E-04	0.02241		705	0.014681614	0.027182974
704	0.00101	0.02266		704	0.01473562	0.027286573
703	0.00102	0.02274		703	0.014789895	0.02739071
702	0.00105	0.02284		702	0.014845087	0.027496551
701	0.00109	0.0231		701	0.014900638	0.027603092
700	0.00105	0.02331		700	0.014956471	0.027710194
699	0.00105	0.02353		699	0.015012589	0.027817862
698	9.94E-04	0.0237		698	0.015068993	0.027926098
697	9.80E-04	0.02384		697	0.015125684	0.028034907
696	9.33E-04	0.02399		696	0.015182665	0.028144292
695	9.51E-04	0.02429		695	0.015239937	0.028254257
694	9.84E-04	0.02458		694	0.015297503	0.028364807
693	9.11E-04	0.02468		693	0.015355364	0.028475944
692	9.14E-04	0.02488		692	0.015413522	0.028587674
691	8.79E-04	0.0251		691	0.015471979	0.0287
690	9.19E-04	0.02506		690	0.015530738	0.028812926
689	9.10E-04	0.02556		689	0.015589939	0.02892671
688	9.49E-04	0.02592		688	0.015650012	0.029042125
687	9.63E-04	0.02589		687	0.015710398	0.029158166
686	9.37E-04	0.02598		686	0.015771101	0.029274836
685	9.92E-04	0.02619		685	0.015832122	0.029392141
684	0.00102	0.02651		684	0.015893463	0.029510084
683	0.00105	0.0266		683	0.015955128	0.02962867
682	0.00107	0.02687		682	0.016017117	0.029747904
681	0.00103	0.02696		681	0.016079433	0.029867789
680	0.00106	0.02713		680	0.016142078	0.02998833
679	0.00104	0.02742		679	0.016205055	0.030109533
678	0.00101	0.02756		678	0.016268365	0.0302314
677	9.64E-04	0.02776		677	0.016332011	0.030353938
676	9.70E-04	0.02797		676	0.016395996	0.030477151
675	9.31E-04	0.02816		675	0.01646086	0.030601987
674	8.96E-04	0.02836		674	0.016526217	0.030727769
673	8.22E-04	0.02854		673	0.016591926	0.030854252
672	7.74E-04	0.02868		672	0.01665799	0.030981441
671	7.53E-04	0.02929		671	0.016724411	0.031109342
670	7.55E-04	0.02932		670	0.016791191	0.031237959
669	7.33E-04	0.0296		669	0.016858333	0.031367297
668	6.51E-04	0.03002		668	0.016925839	0.031497361
667	7.00E-04	0.03012		667	0.016993713	0.031628157
666	7.05E-04	0.03076		666	0.017061955	0.03175969
665	7.85E-04	0.03067		665	0.01713057	0.031891965
664	7.42E-04	0.03116		664	0.017199559	0.032024987
663	7.77E-04	0.03125		663	0.017268925	0.032158762
662	7.89E-04	0.03158		662	0.017339175	0.032294189
661	8.79E-04	0.0321		661	0.01741011	0.032430916
660	8.24E-04	0.03245		660	0.017481438	0.032568428
659	8.53E-04	0.03254		659	0.017553163	0.032706729
658	8.63E-04	0.03284		658	0.017625286	0.032845825
657	8.63E-04	0.03307		657	0.017697812	0.032985723
656	8.17E-04	0.03325		656	0.017770742	0.033126427
655	8.62E-04	0.03336		655	0.01784408	0.033267945
654	8.37E-04	0.03385		654	0.017917829	0.033410281
653	8.46E-04	0.03424		653	0.017991991	0.033553441
652	8.90E-04	0.03448		652	0.018066569	0.033697433
651	8.63E-04	0.03482		651	0.018141567	0.033842261
650	8.96E-04	0.035		650	0.018216987	0.033987932
649	8.38E-04	0.03549		649	0.018293379	0.034135402
648	9.23E-04	0.03559		648	0.018370408	0.03428409
647	8.48E-04	0.03598		647	0.018447876	0.034433653
646	8.19E-04	0.03628		646	0.018525788	0.034584098
645	8.38E-04	0.03653		645	0.018604145	0.034735431
644	7.64E-04	0.03716		644	0.018682952	0.03488766
643	8.53E-04	0.03732		643	0.01876221	0.03504079
642	8.58E-04	0.03768		642	0.018841925	0.035194829
641	8.51E-04	0.03808		641	0.018922098	0.035349782
640	8.33E-04	0.03839		640	0.019002734	0.035505658
639	8.26E-04	0.03876		639	0.019083836	0.035662463
638	8.75E-04	0.03906		638	0.019165406	0.035820203
637	8.40E-04	0.03939		637	0.019247519	0.035979004
636	8.42E-04	0.03978		636	0.019330816	0.036139942
635	8.02E-04	0.04013		635	0.019414601	0.03630185
634	8.59E-04	0.04043		634	0.019498877	0.036464737
633	8.50E-04	0.04064		633	0.019583648	0.036628608
632	8.70E-04	0.0412		632	0.019668918	0.036793473
631	9.06E-04	0.04143		631	0.019754691	0.036959337
630	8.49E-04	0.04199		630	0.01984097	0.037126209
629	8.59E-04	0.04228		629	0.019927759	0.037294097
628	8.18E-04	0.0424		628	0.020015061	0.037463008
627	8.93E-04	0.04296		627	0.020102882	0.03763295
626	9.01E-04	0.04325		626	0.020191224	0.037803931
625	8.86E-04	0.04401		625	0.020280091	0.037975959
624	8.86E-04	0.04422		624	0.020369976	0.038149864
623	8.63E-04	0.04432		623	0.02046063	0.038325228
622	8.05E-04	0.04493		622	0.02055183	0.038501677
621	8.36E-04	0.04544		621	0.020643579	0.038679218
620	8.46E-04	0.0458		620	0.020735881	0.038857859
619	0.00185	0.04622		619	0.020828742	0.039037609
618	0.00188	0.04714		618	0.020922164	0.039218478
617	0.00193	0.04757		617	0.021016153	0.039400472
616	0.00192	0.0481		616	0.021110713	0.039583602
615	0.00191	0.04805		615	0.021205848	0.039767876
614	0.00193	0.04863		614	0.021301562	0.039953303
613	0.00191	0.04934		613	0.021397861	0.040139892
612	0.00202	0.04946		612	0.021495172	0.040328336
611	0.00198	0.05017		611	0.021593474	0.040518602
610	0.00203	0.05071		610	0.021692383	0.04071007
609	0.00205	0.05096		609	0.021791904	0.04090275
608	0.00201	0.0517		608	0.02189204	0.041096651
607	0.00202	0.05196		607	0.021992797	0.041291784
606	0.00206	0.05247		606	0.022094179	0.041488157
605	0.00202	0.05291		605	0.022196192	0.041685781
604	0.00204	0.05337		604	0.02229884	0.041884665
603	0.00201	0.05369		603	0.022402129	0.04208482
602	0.00204	0.05435		602	0.022506063	0.042286255
601	0.00193	0.05497		601	0.022610647	0.042488981
600	0.00189	0.05559		600	0.022716286	0.042693622
599	0.00204	0.05609		599	0.022822856	0.042899992
598	0.00201	0.05647		598	0.0229301	0.043107693
597	0.002	0.05693		597	0.023038022	0.043316736
596	0.002	0.05777		596	0.023146628	0.043527131
595	0.00196	0.05799		595	0.023255923	0.043738889
594	0.00201	0.05911		594	0.023365912	0.043952022
593	0.00196	0.05935		593	0.023476602	0.04416654
592	0.00203	0.06052		592	0.023587998	0.044382454
591	0.00189	0.0608		591	0.023700106	0.044599776
590	0.00188	0.06119		590	0.02381293	0.044818517
589	0.00193	0.06222		589	0.023926478	0.045038688
588	0.0019	0.06327		588	0.02404128	0.045261079
587	0.00191	0.0628		587	0.024156875	0.045485007
586	0.00192	0.06395		586	0.024273216	0.045710408
585	0.00189	0.06471		585	0.02439031	0.045937292
584	0.00187	0.06529		584	0.024508163	0.046165674
583	0.00184	0.06591		583	0.02462678	0.046395563
582	0.00188	0.06639		582	0.024746169	0.046626974
581	0.0019	0.06735		581	0.024866335	0.046859918
580	0.00197	0.06845		580	0.024987285	0.047094407
579	0.0019	0.06895		579	0.025109026	0.047330455
578	0.00191	0.06949		578	0.025231562	0.047568073
577	0.002	0.07033		577	0.025355155	0.047807622
576	0.00192	0.07109		576	0.025479882	0.048049213
575	0.00201	0.0714		575	0.025605431	0.048292418
574	0.00208	0.07195		574	0.025731809	0.048537251
573	0.00205	0.07284		573	0.025859023	0.048783727
572	0.002	0.07364		572	0.02598708	0.049031857
571	0.00207	0.07442		571	0.026115985	0.049281655
570	0.00205	0.07505		570	0.026245748	0.049533136
569	0.00196	0.07583		569	0.026376374	0.049786313
568	0.00196	0.07676		568	0.026507871	0.050041201
567	0.00191	0.07778		567	0.026640246	0.050297812
566	0.00194	0.07854		566	0.026773592	0.050556254
565	0.00192	0.0792		565	0.026908172	0.050816816
564	0.00193	0.07993		564	0.027043656	0.051079145
563	0.00184	0.08105		563	0.027180051	0.051343256
562	0.00184	0.08164		562	0.027317364	0.051609164
561	0.00184	0.08258		561	0.027455605	0.051876883
560	0.00188	0.08417		560	0.02759478	0.052146428
559	0.0019	0.0839		559	0.027734897	0.052417815
558	0.00184	0.08599		558	0.027875965	0.052691058
557	0.00183	0.08652		557	0.02801799	0.052966174
556	0.00188	0.08791		556	0.028160982	0.053243178
555	0.00198	0.08864		555	0.028305049	0.053522216
554	0.00174	0.08946		554	0.02845056	0.053803775
553	0.0018	0.09062		553	0.028597067	0.054087273
552	0.00172	0.09196		552	0.028744579	0.054372726
551	0.00179	0.09297		551	0.028893105	0.05466015
550	0.00186	0.09382		550	0.029042652	0.054949561
549	0.0019	0.09477		549	0.02919323	0.055240977
548	0.00194	0.09593		548	0.029344848	0.055534413
547	0.00189	0.09747		547	0.029497514	0.055829888
546	0.00196	0.0979		546	0.029651238	0.056127417
545	0.0021	0.09926		545	0.029806029	0.056427018
544	0.00203	0.09978		544	0.029961977	0.056728719
543	0.00199	0.10094		543	0.03011915	0.05703254
542	0.00191	0.10218		542	0.030277418	0.057338478
541	0.002	0.10345		541	0.03043679	0.057646552
540	0.00194	0.10448		540	0.030597275	0.057956778
539	0.00195	0.10582		539	0.030758884	0.058269175
538	0.00192	0.10675		538	0.030921626	0.058583761
537	0.00185	0.10794		537	0.031085511	0.058900554
536	0.00171	0.1086		536	0.031250548	0.059219574
535	0.00194	0.11062		535	0.031416748	0.059540838
534	0.00197	0.112		534	0.031584121	0.059864366
533	0.00216	0.11264		533	0.031752742	0.060190021
532	0.00213	0.11356		532	0.031922573	0.060517925
531	0.00211	0.1147		531	0.032093607	0.060848141
530	0.00209	0.11579		530	0.032265853	0.061180688
529	0.002	0.11704		529	0.032439323	0.061515584
528	0.00198	0.11804		528	0.032614028	0.06185285
527	0.00195	0.11886		527	0.032789977	0.062192507
526	0.00197	0.12108		526	0.032967182	0.062534573
525	0.00181	0.122		525	0.033145655	0.062879069
524	0.00186	0.12385		524	0.033325405	0.063226016
523	0.00188	0.12416		523	0.033506475	0.063575332
522	0.00178	0.12657		522	0.033688893	0.063926972
521	0.00186	0.12781		521	0.033872621	0.064281113
520	0.00171	0.12937		520	0.034057671	0.064637776
519	0.00183	0.13114		519	0.034244054	0.064996983
518	0.00173	0.13251		518	0.034431783	0.065358753
517	0.00185	0.13419		517	0.034620869	0.06572311
516	0.00187	0.13546		516	0.034811325	0.066090074
515	0.00201	0.13761		515	0.035003161	0.066459668
514	0.00188	0.13884		514	0.035196392	0.066831914
513	0.00176	0.14052		513	0.035391012	0.067206724
512	0.0018	0.14196		512	0.035586977	0.067583784
511	0.00178	0.14397		511	0.03578437	0.067963548
510	0.00186	0.14644		510	0.035983203	0.068346038
509	0.0017	0.14713		509	0.036183489	0.068731277
508	0.00187	0.14901		508	0.036385241	0.069119288
507	0.00178	0.15087		507	0.036588471	0.069510095
506	0.00171	0.15274		506	0.036793194	0.069903721
505	0.00181	0.15468		505	0.036999422	0.070300189
504	0.00175	0.15793		504	0.03720717	0.070699524
503	0.00172	0.15871		503	0.037416407	0.071101593
502	0.00173	0.16292		502	0.037627027	0.071505973
501	0.0017	0.16363		501	0.037839202	0.071913275
500	0.00165	0.16595		500	0.038052946	0.072323523
499	0.00172	0.1675		499	0.038268272	0.07273674
498	0.00174	0.17033		498	0.038485196	0.073152953
497	0.00169	0.17248		497	0.038703732	0.073572186
496	0.00178	0.17432		496	0.038923893	0.073994465
495	0.00179	0.17655		495	0.039145696	0.074419814
494	0.00179	0.17772		494	0.039369155	0.07484826
493	0.00188	0.18036		493	0.039594268	0.075279669
492	0.00192	0.18191		492	0.039821044	0.075713986
491	0.00191	0.18384		491	0.040049518	0.076151466
490	0.00209	0.18531		490	0.040279706	0.076592134
489	0.00218	0.18699		489	0.040511623	0.077036019
488	0.0022	0.18875		488	0.040745285	0.077483146
487	0.00218	0.19046		487	0.040980709	0.077933542
486	0.0021	0.19163		486	0.041217909	0.078387235
485	0.00213	0.1936		485	0.041456904	0.078844253
484	0.00212	0.19583		484	0.041697708	0.079304622
483	0.00191	0.19838		483	0.041939871	0.079767289
482	0.00185	0.20022		482	0.042183758	0.080233089
481	0.00179	0.20248		481	0.042429495	0.080702301
480	0.00169	0.2047		480	0.042677099	0.081174954
479	0.00163	0.2074		479	0.042926587	0.081651078
478	0.00142	0.20977		478	0.043177976	0.0821307
477	0.00163	0.21169		477	0.043431285	0.08261385
476	0.0017	0.21675		476	0.043686529	0.083100557
475	0.00153	0.2221		475	0.043943729	0.08359085
474	0.00151	0.22066		474	0.044202676	0.084084274
473	0.00146	0.22672		473	0.044463257	0.084580569
472	0.00152	0.22796		472	0.044725837	0.085080521
471	0.00152	0.23176		471	0.044990434	0.085584158
470	0.00152	0.2364		470	0.045257069	0.086091513
469	0.00159	0.23904		469	0.04552576	0.086602615
468	0.00155	0.24204		468	0.045796525	0.087117496
467	0.0015	0.24521		467	0.046069385	0.087636187
466	0.00162	0.24739		466	0.046344358	0.08815872
465	0.00163	0.24962		465	0.046621455	0.088685094
464	0.00167	0.25317		464	0.04690065	0.089215193
463	0.00166	0.25582		463	0.047182017	0.089749224
462	0.00156	0.25845		462	0.047465576	0.090287221
461	0.00166	0.26198		461	0.047751348	0.090829216
460	0.00157	0.26592		460	0.048039353	0.091375242
459	0.0016	0.26893		459	0.048329613	0.091925332
458	0.00159	0.27176		458	0.04862215	0.092479521
457	0.00158	0.27542		457	0.048916983	0.093037841
456	0.00159	0.2809		456	0.049214129	0.093600313
455	0.00158	0.28472		455	0.049513549	0.094166849
454	0.00151	0.28806		454	0.049815332	0.094737618
453	0.00159	0.29095		453	0.050119499	0.095312654
452	0.00158	0.29733		452	0.050426074	0.095891993
451	0.00169	0.29903		451	0.050735078	0.09647567
450	0.00168	0.30236		450	0.051046535	0.097063721
449	0.00165	0.30755		449	0.051360469	0.097656181
448	0.00169	0.31092		448	0.051676903	0.098253087
447	0.00178	0.31482		447	0.051995815	0.098854401
446	0.00171	0.31904		446	0.052317114	0.09945997
445	0.00177	0.32475		445	0.052640982	0.100070092
444	0.00159	0.32828		444	0.052967445	0.100684803
443	0.00178	0.33334		443	0.053296528	0.101304143
442	0.00162	0.33898		442	0.053628254	0.101928148
441	0.0016	0.34409		441	0.053962651	0.102556856
440	0.00151	0.34735		440	0.054299743	0.103190307
439	0.00162	0.35279		439	0.054639558	0.103828539
438	0.00163	0.35923		438	0.054982077	0.104471695
437	0.00159	0.3635		437	0.055327332	0.105119815
436	0.0016	0.36994		436	0.055675391	0.105772846
435	0.00154	0.37478		435	0.05602628	0.106430828
434	0.00157	0.37999		434	0.056380027	0.107093801
433	0.00141	0.38761		433	0.05673666	0.107761805
432	0.00158	0.39273		432	0.057096207	0.108434883
431	0.00155	0.39659		431	0.057458697	0.109113075
430	0.00162	0.40341		430	0.057824157	0.109796423
429	6.57E-04	0.40548		429	0.058193373	0.110486896
428	6.52E-04	0.41248		428	0.058565651	0.111182689
427	6.94E-04	0.41606		427	0.058941005	0.111883805
426	6.98E-04	0.42105		426	0.059319467	0.112590289
425	7.26E-04	0.42514		425	0.059701065	0.113302185
424	6.79E-04	0.43145		424	0.060085832	0.114019535
423	7.23E-04	0.43547		423	0.0604738	0.114742385
422	7.07E-04	0.44171		422	0.060864999	0.11547078
421	6.59E-04	0.44725		421	0.061259811	0.11620578
420	6.55E-04	0.45328		420	0.061658155	0.116947095
419	5.84E-04	0.45895		419	0.062059842	0.117694129
418	5.74E-04	0.4644		418	0.062464907	0.118446929
417	5.65E-04	0.47174		417	0.062873383	0.119205542
416	5.44E-04	0.47745		416	0.063285304	0.119970015
415	5.44E-04	0.48525		415	0.063700705	0.120740396
414	5.54E-04	0.494		414	0.064119621	0.121516731
413	5.34E-04	0.50171		413	0.064543016	0.122301027
412	5.02E-04	0.50849		412	0.06497142	0.123094367
411	5.34E-04	0.51507		411	0.06540349	0.123893893
410	6.03E-04	0.52846		410	0.065839264	0.124699656
409	5.60E-04	0.53249		409	0.066278779	0.125511707
408	5.48E-04	0.54152		408	0.066722074	0.126330095
407	5.54E-04	0.54998		407	0.067169187	0.127154872
406	5.80E-04	0.55803		406	0.067620158	0.127986089
405	5.23E-04	0.56663		405	0.068075937	0.128825707
404	5.44E-04	0.57822		404	0.068537377	0.129675478
403	5.66E-04	0.58354		403	0.069002845	0.130531943
402	4.83E-04	0.59364		402	0.069472382	0.131395154
401	5.38E-04	0.6024		401	0.069946031	0.132265166
400	5.64E-04	0.60984		400	0.070423834	0.133142034
399	5.04E-04	0.62207		399	0.070905834	0.134025812
398	5.54E-04	0.63043		398	0.071392075	0.134916556
397	5.47E-04	0.6404		397	0.071883947	0.135817123
396	5.65E-04	0.64884		396	0.07238177	0.136728134
395	5.29E-04	0.65831		395	0.072884025	0.137646386
394	5.48E-04	0.66652		394	0.07339076	0.138571937
393	6.07E-04	0.67696		393	0.073902022	0.139504845
392	5.84E-04	0.68783		392	0.074417858	0.140445168
391	5.73E-04	0.69718		391	0.074938317	0.141392965
390	5.66E-04	0.70628		390	0.075463448	0.142348295
389	6.02E-04	0.71618		389	0.075996629	0.14331776
388	5.68E-04	0.72726		388	0.076535886	0.144297425
387	5.05E-04	0.7384		387	0.077080053	0.145284951
386	4.76E-04	0.74888		386	0.077629182	0.1462804
385	5.12E-04	0.75994		385	0.078183327	0.147283834
384	5.50E-04	0.77321		384	0.078742542	0.148295314
383	5.28E-04	0.78852		383	0.079306881	0.149314903
382	5.28E-04	0.79833		382	0.079877269	0.150344304
381	5.27E-04	0.80878		381	0.080458299	0.151392125
380	5.51E-04	0.8223		380	0.081044739	0.152448431
379	5.10E-04	0.83363		379	0.081636648	0.153513286
378	5.51E-04	0.84922		378	0.082234086	0.154586757
377	5.43E-04	0.8571		377	0.082837114	0.155668909
376	5.27E-04	0.87356		376	0.083445792	0.156759807
375	5.01E-04	0.89002		375	0.084060183	0.157859516
374	4.73E-04	0.90177		374	0.084685476	0.158977166
373	3.96E-04	0.92161		373	0.085318919	0.160107801
372	4.10E-04	0.93563		372	0.085958401	0.161247635
371	4.29E-04	0.95174		371	0.08660399	0.162396735
370	3.61E-04	0.97382		370	0.087255754	0.163555167
369	3.87E-04	0.98973		369	0.087913761	0.164723
368	3.88E-04	1.00682		368	0.088578081	0.1659003
367	4.34E-04	1.01943		367	0.089252091	0.167092502
366	4.20E-04	1.03534		366	0.089937414	0.16830214
365	4.18E-04	1.05158		365	0.090629408	0.169521608
364	4.91E-04	1.06912		364	0.091328147	0.170750971
363	4.76E-04	1.0816		363	0.092033708	0.171990298
362	4.96E-04	1.09539		362	0.092746166	0.173239655
361	4.91E-04	1.11079		361	0.0934656	0.174499109
360	5.05E-04	1.12548		360	0.094194648	0.175772828
359	4.74E-04	1.13953		359	0.094938625	0.177069206
358	4.32E-04	1.1566		358	0.095690003	0.178376074
357	4.48E-04	1.17078		357	0.096448865	0.179693497
356	4.39E-04	1.18552		356	0.097215297	0.18102154
355	4.83E-04	1.20493		355	0.097989385	0.182360267
354	4.17E-04	1.21909		354	0.098771215	0.183709741
353	4.45E-04	1.24889		353	0.099563951	0.185074508
352	3.13E-04	1.27004		352	0.100374479	0.186464443
351	4.20E-04	1.29132		351	0.101193239	0.187865471
350	3.71E-04	1.31681		350	0.102020326	0.18927765
349	3.39E-04	1.34036		349	0.102855834	0.190701036
348	3.93E-04	1.36915		348	0.103699859	0.192135686
347	4.05E-04	1.38278		347	0.104552497	0.193581654
346	3.95E-04	1.41336		346	0.105418013	0.195044111
345	3.59E-04	1.43501		345	0.106299548	0.196526717
344	4.07E-04	1.46218		344	0.107190168	0.198020811
343	3.88E-04	1.48839		343	0.108089976	0.199526435
342	3.57E-04	1.49998		342	0.108999075	0.201043631
341	4.15E-04	1.53581		341	0.109917571	0.20257244
340	3.10E-04	1.5591		340	0.110845568	0.204112898
339	4.13E-04	1.59223		339	0.111792168	0.205675301
338	4.30E-04	1.61379		338	0.11275417	0.207255672
337	4.25E-04	1.65245		337	0.113726213	0.208847738
336	3.64E-04	1.67575		336	0.114708408	0.210451518
335	4.27E-04	1.71535		335	0.115700868	0.212067029
334	3.94E-04	1.73916		334	0.116703705	0.213694285
333	3.61E-04	1.77023		333	0.117717184	0.215333442
332	3.38E-04	1.79874		332	0.118756313	0.216998735
331	3.48E-04	1.83206		331	0.119806359	0.218675592
330	3.08E-04	1.86524		330	0.12086744	0.220363999
329	2.74E-04	1.90911		329	0.121939673	0.222063938
328	2.22E-04	1.95315		328	0.123023176	0.223775388
327	2.52E-04	1.9831		327	0.124118069	0.225498324
326	2.05E-04	2.0154		326	0.125232373	0.227236967
325	2.13E-04	2.05541		325	0.126365397	0.228990384
324	1.90E-04	2.09631		324	0.127510277	0.230754619
323	2.20E-04	2.13707		323	0.12866713	0.232529605
322	1.71E-04	2.17035		322	0.129836074	0.234315269
321	1.98E-04	2.20977		321	0.131017227	0.236111534
320	1.88E-04	2.25781		320	0.132212853	0.237918096
319	1.64E-04	2.29093		319	0.133431373	0.239733479
318	1.34E-04	2.33938		318	0.134662417	0.24155825
317	1.51E-04	2.37643		317	0.135906095	0.243392273
316	1.34E-04	2.427		316	0.137162514	0.24523541
315	1.47E-04	2.47831		315	0.138431785	0.247087513
314	1.83E-04	2.52731		314	0.139714014	0.248948428
313	1.48E-04	2.55849		313	0.141021414	0.250812795
312	1.70E-04	2.61044		312	0.142342641	0.25268414
311	1.29E-04	2.65835		311	0.14367701	0.254562545
310	1.40E-04	2.71014		310	0.145024611	0.256447789
309	9.50E-05	2.76821		309	0.146385534	0.258339642
308	9.60E-05	2.80539		308	0.147759867	0.260237867
307	1.25E-04	2.88163		307	0.149151429	0.262119215
306	6.60E-05	2.92108		306	0.150556873	0.264000007
305	1.16E-04	2.97423		305	0.151975447	0.265884492
304	1.21E-04	3.03522		304	0.153407207	0.267772353
303	8.10E-05	3.10147		303	0.154852202	0.26966327
302	9.80E-05	3.15495		302	0.156310481	0.271556911
301	1.15E-04	3.20067		301	0.157779172	0.273412932
300	1.31E-04	3.24407		300	0.159259854	0.275261136
299	1.04E-04	3.29906		299	0.160753013	0.277108553
298	1.26E-04	3.35963		298	0.162258647	0.278954778
297	1.44E-04	3.4129		297	0.163776746	0.280799397
296	9.80E-05	3.46556		296	0.165307299	0.282641991
295	9.50E-05	3.51068		295	0.166842212	0.28442375
294	7.60E-05	3.58065		294	0.168388013	0.286197443
293	9.30E-05	3.62832		293	0.169944941	0.287964972
292	3.40E-05	3.69414		292	0.171512915	0.289725852
291	5.70E-05	3.75827		291	0.173091849	0.291479597
290	4.50E-05	3.81744		290	0.174676292	0.293207459
289	5.60E-05	3.87232		289	0.176248999	0.294852348
288	6.30E-05	3.98266		288	0.177830533	0.296485556
287	6.50E-05	4.03161		287	0.179420727	0.298106573
286	5.50E-05	4.11373		286	0.181019405	0.299714885
285	6.20E-05	4.19219		285	0.182626386	0.301309982
284	5.90E-05	4.24634		284	0.184216945	0.30282356
283	4.40E-05	4.31774		283	0.185793446	0.304264868
282	3.70E-05	4.40562		282	0.187375155	0.305688133
281	3.50E-05	4.46334		281	0.1889618	0.307092871
280	4.20E-05	4.5905		280	0.190553098	0.308478605
279	7.00E-06	4.64799		279	0.192148142	0.309843439
278	4.90E-05	4.73386		278	0.193684524	0.311046247
277	9.00E-06	4.7987		277	0.195221884	0.312225904
276	5.70E-05	4.90064		276	0.196759866	0.31338202
275	1.70E-05	4.94783		275	0.198298105	0.314514212
274	3.50E-05	5.07313		274	0.199836227	0.315622112
273	4.50E-05	5.16574		273	0.201321251	0.316603656
272	3.90E-05	5.16109		272	0.202764785	0.317484946
271	2.80E-05	5.3442		271	0.20420384	0.318338954
270	2.30E-05	5.40398		270	0.205637999	0.319165464
269	3.30E-05	5.50607		269	0.207066838	0.31996427
268	1.80E-05	5.59015		268	0.208462367	0.320687489
267	3.70E-05	5.65321		267	0.209767037	0.321238926
266	1.00E-05	5.75125		266	0.211061937	0.32176121
265	2.30E-05	5.86691		265	0.212346643	0.32225432
264	2.50E-05	5.90347		264	0.213620735	0.322718247
263	2.10E-05	6.00838		263	0.214879643	0.323146878
262	4.60E-05	6.06093		262	0.21599158	0.323348897
261	2.80E-05	6.1811		261	0.217088984	0.323522611
260	3.80E-05	6.26086		260	0.2181715	0.323668195
259	7.70E-05	6.33864		259	0.219238774	0.323785833
258	1.00E-06	6.41754		258	0.220290461	0.323875718
257	2.60E-05	6.47467		257	0.221180123	0.323749614
256	1.00E-06	6.57546		256	0.222037304	0.323579773
255	0	6.73151		255	0.222876134	0.323385257
254	4.00E-06	6.72341		254	0.223696389	0.323166393
253	5.00E-06	6.88938		253	0.224497853	0.322923512
252	4.00E-06	6.94957		252	0.225130541	0.322490597
251	3.00E-06	7.0617		251	0.225725043	0.322017291
250	1.30E-05	7.1658		250	0.226299758	0.321524742
249	7.00E-06	7.16528		249	0.226854617	0.321013336
248	1.50E-05	7.26558		248	0.22738956	0.320483454
247	6.00E-06	7.27441		247	0.227904531	0.319935476
246	1.60E-05	7.36767		246	0.228399488	0.319369777
245	1.00E-06	7.45745		245	0.228874394	0.318786729
244	1.00E-06	7.51087		244	0.229329219	0.318186702
243	1.30E-05	7.63853		243	0.229763945	0.317570059
242	2.40E-05	7.66512		242	0.230178557	0.31693716
241	5.10E-05	7.80778		241	0.230573052	0.316288363
240	6.20E-05	7.86291		240	0.230947432	0.315624018
239	1.38E-04	7.9698		239	0.231301706	0.314944472
238	1.27E-04	8.08863		238	0.231635892	0.314250065
237	5.24E-04	8.2197		237	0.231950014	0.313541136
236	4.11E-04	8.33564		236	0.232244102	0.312818015
235	5.36E-04	8.40729		235	0.232518194	0.312081028
234	7.05E-04	8.45929		234	0.232772335	0.311330496
233	9.35E-04	8.62459		233	0.233006573	0.310566733
232	9.47E-04	8.71555		232	0.233220967	0.309790048
231	9.53E-04	8.74043		231	0.233415577	0.309000744
230	0.00124	8.84217		230	0.233590472	0.308199119
229	0.00149	9.01276		229	0.233745725	0.307385464
228	0.00213	9.06292		228	0.233881414	0.306560064
227	0.0021	9.11889		227	0.233997623	0.305723199
226	0.00287	9.13574		226	0.234094441	0.30487514
225	0.00282	9.13547		225	0.234171959	0.304016155
224	0.00355	9.16966		224	0.234230276	0.303146504
223	0.00474	9.14718		223	0.234269494	0.302266441
222	0.00725	9.15227		222	0.234289716	0.301376213
221	0.01352	9.40055		221	0.234291054	0.300476063
220	0.01409	9.24471		220	0.234273619	0.299566224
219	0.01462	9.25578		219	0.234237527	0.298646925
218	0.01991	9.38774		218	0.234182897	0.297718388
217	0.02781	8.80542		217	0.234109852	0.296780829
216	0.02075	8.55566		216	0.234018516	0.295834456
215	0.05853	8.65897		215	0.233909016	0.294879474
214	0.05557	7.5707		214	0.233781481	0.293916078
213	0.05047	7.02868		213	0.233636043	0.292944458
212	0.06345	5.13965		212	0.233472835	0.291964797
211	0.06071	4.40949		211	0.233291991	0.290977274
210	0.07384	4.33219		210	0.233093648	0.289982059
209	0.04665	3.14601		209	0.232877943	0.288979317
208	0.02448	2.72025		208	0.232645015	0.287969205
207	0.0438	1.72584		207	0.232395003	0.286951877
206	0.03187	1.39511		206	0.232128046	0.285927479
205	0.00816	1.69504		205	0.231844286	0.284896149
204	0.00297	0.93936		204	0.231543862	0.283858022
203	0.00189	0.7615		203	0.231226917	0.282813225
202	8.10E-04	0.82249		202	0.23089359	0.28176188
201	1.36E-04	0.60664		201	0.230544021	0.280704103
200	3.19E-04	0.75274		200	0.230178353	0.279640002
