1100.0 0.0024853605690527713 0.004499316778591086
1099.0 0.002490829341061884 0.004509400658330185
1098.0 0.0024963143492120624 0.004519515122774407
1097.0 0.002501815654451605 0.004529660289535193
1096.0000000000002 0.002507333318006483 0.0045398362767739295
1095.0 0.00251286740138188 0.004550043203205037
1094.0 0.0025184179663636378 0.004560281188099064
1093.0 0.002523985075019813 0.004570550351285643
1092.0 0.0025295687897021676 0.004580850813156677
1091.0 0.0025351691730477206 0.00459118269466948
1090.0000000000002 0.002540786287980269 0.0046015461173498215
1089.0 0.0025464201977119455 0.004611941203295146
1088.0 0.0025520709657448 0.004622368075177744
1087.0 0.002557738655872304 0.004632826856247923
1086.0 0.002563423332181018 0.004643317670337232
1085.0000000000002 0.0025691250590520937 0.004653840641861721
1084.0000000000002 0.0025748439011629523 0.0046643958958252
1083.0 0.0025805783234660626 0.004674979435609807
1082.0 0.0025863235696805898 0.004685578949936683
1081.0 0.002592086091039964 0.004696211006728933
1080.0 0.0025978659532742854 0.004706875732696711
1079.0000000000002 0.0026036632224174148 0.004717573255150155
1078.0 0.0026094779648085844 0.004728303702002796
1077.0 0.0026153102470940614 0.004739067201774865
1076.0 0.0026211601362288624 0.004749863883596722
1075.0 0.0026270276994784106 0.004760693877212262
1074.0 0.002632913004420238 0.004771557312982371
1073.0000000000002 0.0026388161189457022 0.004782454321888422
1072.0 0.0026447371112617094 0.004793385035535676
1071.0 0.0026506760498924233 0.004804349586156869
1070.0 0.0026566330036810444 0.004815348106615716
1069.0 0.002662608041791561 0.004826380730410496
1068.0000000000002 0.00266860123371042 0.004837447591677542
1067.0000000000002 0.0026746126492484673 0.0048485488251949855
1066.0 0.0026806423585425945 0.0048596845663862204
1065.0 0.0026866904320575753 0.004870854951323708
1064.0 0.002692756940587938 0.004882060116732544
1063.0 0.0026988419552596843 0.0048933001999941625
1062.0000000000002 0.0027049438161414973 0.004904571845484127
1061.0 0.002711048689861421 0.0049158471265272445
1060.0 0.0027171721864796463 0.004927157529679593
1059.0 0.0027233143779320334 0.0049385031937522784
1058.0 0.0027294753364921014 0.004949884258223806
1057.0 0.0027356551347728925 0.004961300863243864
1056.0000000000002 0.002741853845728872 0.004972753149637077
1055.0 0.002748071542657806 0.0049842412589069535
1054.0 0.002754308299202647 0.004995765333239625
1053.0 0.0027605641893535134 0.005007325515507828
1052.0 0.00276683928744957 0.005018921949274783
1051.0000000000002 0.002773133668180996 0.0050305547787981375
1050.0 0.0027794474065909367 0.0050422241490339454
1049.0 0.002785780578077461 0.005053930205640661
1048.0 0.002792133258395585 0.005065673094983114
1046.9999999999998 0.0027985055236592117 0.005077452964136644
1046.0 0.002804897450343193 0.005089269960891078
1045.0000000000002 0.002811309115285267 0.005101124233754889
1044.0 0.0028177405956882184 0.0051130159319593485
1043.0 0.0028241919691218446 0.005124945205462593
1042.0 0.0028306633135249705 0.0051369122049538685
1041.0 0.002837156771685433 0.005148920097984003
1040.0 0.002843673478230644 0.005160970577118321
1039.0000000000002 0.0028502104258261076 0.005173059285140516
1038.0 0.0028567676941141994 0.005185186375965318
1037.0 0.0028633453631181915 0.005197352004261355
1036.0 0.0028699435132444225 0.005209556325455574
1035.0 0.002876562225284468 0.005221799495737596
1034.0000000000002 0.002883201580417315 0.005234081672064141
1033.0 0.0028898616602115643 0.0052464030121634735
1032.0 0.0028965425466276127 0.0052587636745398715
1031.0 0.0029032443220199013 0.005271163818478179
1030.0 0.0029099670691391543 0.005283603604048304
1029.0 0.002916710871134597 0.0052960831921098
1028.0000000000002 0.0029234758115562823 0.005308602744316468
1027.0 0.0029302619743573188 0.0053211624231210035
1026.0 0.002937069443896198 0.005333762391779649
1025.0 0.002943898304939072 0.00534640281435685
1024.0 0.0029507486426621453 0.005359083855730086
1023.0000000000002 0.0029576205426539515 0.005371805681594499
1022.0000000000001 0.00296451409091775 0.005384568458467775
1021.0 0.0029714239926288567 0.0053973620760481835
1020.0 0.0029783340934162773 0.005410155676857928
1018.9999999999999 0.0029852659398540466 0.005422990410615942
1018.0 0.002992219618691027 0.005435866445251469
1017.0000000000002 0.0029991952170969885 0.005448783949528245
1016.0000000000001 0.0030061928226650532 0.0054617430930493545
1015.0 0.003013212523414106 0.005474744046262243
1014.0 0.003020254407791219 0.005487786980463562
1013.0000000000001 0.0030273185646741358 0.005500872067804268
1012.0 0.003034405083373768 0.005513999481294647
1011.0000000000001 0.0030415140536366415 0.005527169394809309
1010.0000000000001 0.003048645565647442 0.00554038198309238
1009.0 0.0030557997100315445 0.005553637421762601
1007.9999999999999 0.003062976577857542 0.00556693588731848
1007.0000000000001 0.0030701762606398374 0.005580277557143537
1006.0000000000002 0.003077398850341131 0.005593662609511502
1005.0000000000001 0.003084644439375184 0.005607091223591677
1004.0 0.0030919131206092513 0.005620563579454159
1003.0 0.0030992049873668523 0.00563407985807522
1001.9999999999999 0.0031065201334303304 0.005647640241342756
1001.0 0.003113857090047089 0.00566124243943735
1000.0000000000001 0.003121213845799245 0.005674883305700525
999.0000000000001 0.003128594130778008 0.0056885687759475655
998.0 0.003135998040419411 0.005702299035466699
996.9999999999999 0.0031434256706305073 0.0057160742704834185
996.0000000000001 0.003150877117792133 0.005729894668166033
995.0 0.003158352478761614 0.005743760416631371
994.0000000000001 0.003165851850875646 0.0057576717049503965
993.0000000000001 0.0031733753319530197 0.00577162872315398
992.0 0.0031809230202974725 0.00578563166223866
990.9999999999999 0.0031884950147005376 0.005799680714172396
990.0 0.0031960914144443997 0.005813776071900465
989.0000000000002 0.003203712319304764 0.0058279179293512845
988.0000000000001 0.003211357829553782 0.005842106481442426
987.0 0.0032190280459629523 0.00585634192408643
986.0 0.0032267230698060515 0.005870624454196988
984.9999999999999 0.003234443002862121 0.0058849542696948285
984.0 0.003242187947418447 0.0058993315695139185
983.0000000000001 0.0032499580062735336 0.005913756553607521
982.0000000000001 0.0032577532827401537 0.005928229422954452
981.0 0.003265578445666929 0.005942761283671281
979.9999999999999 0.0032734302043285835 0.005957344240470007
979.0000000000001 0.003281307525692955 0.005971975780805862
978.0 0.0032892105153339707 0.005986656110392464
977.0000000000001 0.0032971392793562375 0.006001385436004474
976.0000000000001 0.0033050939243982713 0.006016163965484083
975.0 0.0033130745576356226 0.0060309919077475614
973.9999999999999 0.003321081286784082 0.006045869472791809
973.0 0.0033291142201029335 0.006060796871700892
972.0000000000002 0.0033371734663981446 0.006075774316652828
971.0000000000001 0.003345259135025689 0.0060908020209261655
970.0 0.0033533713358947694 0.006105880198906807
969.0 0.0033615101794712133 0.006121009066094795
968.0000000000001 0.0033696757767806935 0.006136188839111133
967.0 0.00337786823941221 0.006151419735704697
966.0000000000001 0.0033860876795213757 0.006166701974759198
965.0000000000001 0.0033943342098338497 0.0061820357763001585
964.0 0.0034026079436487856 0.006197421361501931
962.9999999999999 0.0034109089948422527 0.0062128589526948335
962.0000000000001 0.0034192426316204546 0.006228360385694445
961.0 0.0034276061675821844 0.006243919583564322
960.0000000000001 0.0034359974098832017 0.0062595315728218755
959.0 0.0034444164749893947 0.006275196581210278
958.0 0.0034528634799627688 0.006290914837669884
956.9999999999999 0.003461338542464941 0.006306686572345827
956.0 0.003469841780760915 0.006322512016595422
955.0000000000002 0.003478373313722657 0.006338391402995809
954.0000000000001 0.003486933260832791 0.006354324965351468
953.0 0.003495521742188331 0.006370312938701866
952.0 0.003504138878504414 0.006386355559329328
951.0000000000001 0.003512784791118048 0.006402453064766637
950.0 0.0035214596019918962 0.006418605693804936
949.0 0.003530163433718132 0.006434813686501624
948.0000000000001 0.0035388964095222682 0.006451077284188268
947.0 0.0035476586532669795 0.006467396729478649
946.0 0.003556450289456087 0.006483772266276727
945.0000000000001 0.0035652714432384052 0.006500204139784877
944.0000000000001 0.0035741222404117516 0.006516692596511974
943.0 0.0035830225736864594 0.006533278718336652
942.0 0.0035919539702993645 0.006549924349833278
941.0000000000001 0.003600915521679065 0.006566627601334934
940.0 0.00360990735703417 0.006583388726531621
939.0 0.0036189296062475204 0.006600207980474848
938.0000000000001 0.003627982399880295 0.006617085619586407
937.0 0.0036370658691762896 0.006634021901667003
936.0 0.003646180146066047 0.006651017085905031
935.0 0.0036553253631711725 0.006668071432885444
934.0000000000001 0.0036645016538086094 0.006685185204598653
933.0 0.003673709151994918 0.006702358664449473
932.0 0.0036829479924506653 0.006719592077266133
931.0000000000001 0.00369221831060475 0.006736885709309486
930.0 0.003701520242598856 0.006754239828282013
929.0 0.0037108539252918957 0.006771654703337236
928.0 0.003720219496264417 0.006789130605088858
927.0000000000001 0.0037296170938231777 0.006806667805620305
926.0 0.003739046857005632 0.006824266578493996
925.0 0.0037485336740815268 0.00684197733907832
924.0000000000001 0.003758071824828047 0.006859788519626015
923.0 0.003767642841700513 0.006877662705385462
922.0 0.00377724686841143 0.006895600179900649
921.0 0.003786884049438533 0.0069136012282715546
920.0000000000001 0.0037965545300296852 0.006931666137164139
919.0 0.003806258456207658 0.006949795194820547
918.0 0.0038159959747750536 0.006967988691069463
917.0000000000001 0.003825767233319252 0.006986246917336268
916.0 0.0038355723802173157 0.007004570166653624
915.0 0.0038454115646410856 0.0070229587336718274
914.0000000000001 0.003855284936562102 0.007041412914669465
913.0 0.003865192646756768 0.007059933007564057
912.0 0.0038751348468114436 0.0070785193119227005
911.0 0.003885111689127556 0.007097172128973014
910.0000000000001 0.0038951233269268076 0.007115891761613907
909.0 0.003905169914256448 0.007134678514426615
908.0 0.003915251605994466 0.007153532693685786
907.0000000000001 0.003925393811851759 0.007172505155250533
906.0 0.003935591507803478 0.00719158586781727
905.0 0.0039458250755615085 0.007210735568618125
904.0 0.003956094675248569 0.007229954575062026
903.0000000000001 0.003966400467857818 0.0072492432063389865
902.0 0.003976742615258415 0.007268601783431961
901.0 0.003987121280201189 0.007288030629128742
900.0000000000001 0.003997536626324321 0.007307530068034013
899.0 0.004007988818159078 0.007327100426581424
898.0 0.00401847802113552 0.0073467420330457734
897.0 0.004029004401588394 0.00736645521755538
896.0000000000001 0.0040395681267629555 0.007386240312104322
895.0 0.004050169364820861 0.007406097650565123
894.0 0.004060808284846074 0.007426027568701108
893.0000000000001 0.004071485056850958 0.007446030404179264
892.0 0.004082199851782181 0.007466106496582913
891.0 0.004092952841526889 0.007486256187424608
890.0 0.0041037441989187915 0.007506479820159195
889.0000000000001 0.004114644829146728 0.007526914984767371
888.0 0.0041255934317004014 0.0075474427898696355
887.0 0.004136581473540693 0.007568046690009998
886.0000000000001 0.004147609134918765 0.007588727044168514
885.0 0.004158676597088853 0.007609484213390756
884.0 0.004169784042314961 0.00763031856080199
883.0000000000001 0.004180931653877414 0.007651230451621253
882.0 0.004192119616079638 0.0076722202531756874
881.0 0.004203348114254881 0.007693288334915008
880.0 0.004214617334773053 0.007714435068425936
879.0000000000001 0.0042259274650475465 0.007735660827446825
878.0 0.004237278693542195 0.007756965987882413
877.0 0.0042486712097781895 0.007778350927818819
876.0000000000001 0.004260105204341131 0.007799816027538348
875.0 0.0042715808688881095 0.00782136166953464
874.0 0.004283098396154826 0.007842988238528019
873.0 0.004294657979962742 0.007864696121480622
872.0000000000001 0.0043063065618886434 0.007886578208244172
871.0 0.004318033303165772 0.007908613104850354
870.0 0.004329803261504445 0.007930731686890551
869.0000000000001 0.004341616638933095 0.007952934358891496
868.0 0.004353473638629922 0.00797522152776539
867.0 0.004365374464930677 0.007997593602826484
866.0 0.004377319323336446 0.008020050995807977
865.0000000000001 0.0043893084205215505 0.008042594120878814
864.0 0.0044013419643414275 0.008065223394660807
863.0 0.004413420163840627 0.008087939236245898
862.0000000000001 0.004425543229260874 0.008110742067213338
861.0 0.004437711372049184 0.008133632311647284
860.0 0.004449924804866017 0.008156610396154439
859.0 0.004462183741593522 0.008179676749881718
858.0 0.004474488397343855 0.008202831804534204
857.0 0.004486838988467539 0.008226075994393216
856.0 0.004499235732561911 0.008249409756334529
855.0000000000001 0.004511744406187816 0.008272959955088198
854.0 0.00452434779080337 0.00829669345722098
853.0 0.004536998811596968 0.008320519514091513
852.0000000000001 0.004549697696905275 0.00834443858511998
851.0 0.004562444676397197 0.008368451132508536
850.0 0.004575239981083069 0.008392557621261221
849.0 0.004588083843323925 0.008416758519204101
848.0000000000001 0.004600976496840902 0.00844105429700547
847.0 0.0046139181767245315 0.008465445428196414
846.0 0.004626909119444343 0.0084899323891913
845.0000000000001 0.004639949562858392 0.008514515659308637
844.0 0.004653039746222886 0.008539195720791988
843.0 0.004666179910201945 0.008563973058831192
842.0 0.004679370296877358 0.008588848161583526
841.0000000000001 0.004692611150287131 0.00861382152115509
840.0 0.004705902714324946 0.00863889362979066
839.0 0.004719245235909945 0.008664064985632287
838.0000000000001 0.004732767275613815 0.008689581858290189
837.0 0.004746351424115609 0.008715219465233404
836.0 0.004759988317562075 0.008740959901043992
835.0 0.004773678215632599 0.008766803690688258
834.0000000000001 0.004787421379562492 0.008792751362401907
833.0 0.0048012180721539585 0.00881880344771399
832.0 0.004815068557787225 0.00884496048147133
831.0000000000001 0.004828973102431806 0.008871223001863025
830.0 0.004842931973657712 0.008897591550445104
829.0 0.004856945440646887 0.008924066672165496
828.0 0.004871013774204687 0.008950648915389237
827.0 0.004885137246771484 0.008977338831923748
826.0 0.0048993161324342675 0.009004136977044427
825.0 0.004913550706938514 0.009031043909520494
824.0000000000001 0.004927841247699975 0.009058060191641014
823.0 0.004942188033816712 0.009085186389241101
822.0 0.00495668610098875 0.009112603155585356
821.0000000000001 0.004971305124493168 0.009140252961648167
820.0 0.004985982470826834 0.009168016825614094
819.0 0.00500071843498055 0.009195895346341467
818.0 0.005015513313760617 0.009223889126523707
817.0000000000001 0.0050303674058019675 0.00925199877271856
816.0 0.005045281011581593 0.00928022489537735
815.0 0.005060254433431887 0.00930856810887448
814.0000000000001 0.005075287975554204 0.00933702903153736
813.0 0.005090381944032614 0.009365608285676494
812.0 0.005105536646847526 0.009394306497615823
811.0 0.005120752393889735 0.009423124297723403
810.0000000000001 0.005136029496974307 0.009452062320442234
809.0 0.005151368269854812 0.009481121204321543
808.0 0.005166769028237497 0.0095103015920481
807.0000000000001 0.005182232089795702 0.009539604130478134
806.0 0.005197861759380587 0.009569226474221752
805.0 0.005213630804850103 0.009599117151453236
804.0 0.005229464560435269 0.009629134772814718
803.0 0.0052453633627657275 0.0096592800244848
802.0 0.005261327550601585 0.00968955359716542
801.0 0.005277357464849413 0.009719956186117193
800.0000000000001 0.005293453448578318 0.009750488491194954
799.0 0.005309615847036146 0.00978115121688368
798.0 0.005325845007665836 0.009811945072334781
797.0 0.005342141280121928 0.009842870771402596
796.0 0.00535850501628722 0.009873929032681396
795.0 0.005374936570289499 0.009905120579542542
794.0 0.005391436298518569 0.009936446140172073
793.0000000000001 0.005408004559643236 0.009967906447608685
792.0 0.005424641714628627 0.009999502239781952
791.0 0.0054413481267534805 0.010031234259550915
790.0000000000001 0.005458307646790704 0.010063452516825841
789.0 0.005475363791454446 0.010095859312571396
788.0 0.005492492026209752 0.010128408007708024
787.0 0.005509692737285528 0.010161099393024656
786.0000000000001 0.005526966313427815 0.010193934264684
785.0 0.0055443131459191695 0.010226913424265838
784.0 0.005561733628598222 0.010260037678810494
783.0000000000001 0.00557922815787944 0.01029330784086291
782.0 0.005596797132773023 0.01032672472851713
781.0 0.0056144409549049885 0.010360289165460975
780.0 0.005632160028537456 0.010394001981021373
779.0 0.005649954760589083 0.010427864010210102
778.0 0.005667825560655726 0.010461876093769718
777.0 0.0056857728410312424 0.010496039078220254
776.0000000000001 0.005703797016728481 0.010530353815906085
775.0 0.005722009210722142 0.010565026372882478
774.0 0.005740415804977436 0.01060006872761038
773.0 0.005758902505904875 0.010635269129303066
772.0 0.005777469755445839 0.01067062848497448
771.0 0.005796117998507365 0.010706147707982849
770.0 0.005814847682985639 0.010741827718083342
769.0000000000001 0.00583365925978979 0.01077766944148101
768.0 0.005852553182865736 0.01081367381088418
767.0 0.005871529909220446 0.010849841765558522
766.0 0.005890589898946272 0.010886174251381496
765.0 0.005909733615245631 0.010922672220897392
764.0 0.005928961524455758 0.010959336633372908
763.0 0.005948274096073878 0.010996168454853239
762.0000000000001 0.005967671802782446 0.011033168658218679
761.0 0.0059871551204747344 0.01107033822324175
760.0 0.006006826684809884 0.011107870439471713
759.0000000000001 0.006026746206014091 0.011145877884298558
758.0 0.006046755104415199 0.011184062170564167
757.0 0.006066853888369767 0.011222424345033467
756.0 0.006087043069750925 0.011260965462020493
755.0000000000001 0.006107323163977102 0.011299686583452916
754.0 0.006127694690041131 0.011338588778936901
753.0 0.006148158170539412 0.011377673125822722
752.0000000000001 0.006168714131701554 0.011416940709271023
751.0 0.006189363103420198 0.011456392622319777
750.0 0.006210105619281146 0.011496029965951733
749.0 0.006230942216593752 0.011535853849162774
748.0 0.006251873436421708 0.011575865389030765
747.0 0.006272899823613907 0.011616065710785209
746.0 0.0062940219268358775 0.011656455947877394
745.0000000000001 0.006315397563188205 0.01169732524829639
744.0 0.006336981243820535 0.01173859049635637
743.0 0.006358664760252479 0.011780053673460557
742.0 0.006380448697904976 0.011821715986795975
741.0 0.006402333646373501 0.011863578652513473
740.0 0.006424320199463222 0.011905642895806229
739.0 0.00644640895522453 0.0119479099509892
738.0000000000001 0.0064686005159888685 0.011990381061579212
737.0 0.006490895488404954 0.012033057480376013
736.0 0.006513294483475272 0.012075940469544041
735.0 0.006535798116593052 0.012119031300695016
734.0 0.006558407007579554 0.012162331254971478
733.0 0.006581121780721592 0.01220584162313108
732.0 0.006603943064809679 0.01224956370563175
731.0000000000001 0.006626893009635167 0.012293538615552812
730.0 0.006650238138651658 0.012338259586110952
729.0 0.0066736945894055495 0.012383201698747617
728.0000000000001 0.0066972630348148985 0.012428366343161693
727.0 0.006720944152743157 0.012473754919675142
726.0 0.006744738626042292 0.01251936883932879
725.0 0.006768647142596041 0.012565209523979031
724.0 0.006792670395363696 0.012611278406395698
723.0 0.006816809082424325 0.012657576930360695
722.0 0.006841063907021527 0.012704106550767875
721.0000000000001 0.006865435577608389 0.012750868733723907
720.0 0.006889924807893193 0.012797864956650097
719.0 0.006914532316885422 0.01284509670838538
718.0 0.006939258828942188 0.012892565489290436
717.0 0.006964105073815334 0.012940272811352654
716.0 0.006989330923918234 0.012988695901729286
715.0 0.007014730082372191 0.0130374563088299
714.0000000000001 0.007040254199961198 0.013086465462670668
713.0 0.007065904055957679 0.013135724974728084
712.0 0.007091680435541211 0.013185236469164594
711.0 0.00711758412985126 0.0132350015829458
710.0 0.007143615936040705 0.013285021965959662
709.0 0.007169776657329714 0.013335299281136293
708.0 0.007196067103060248 0.013385835204569683
707.0000000000001 0.007222488088751164 0.013436631425640142
706.0 0.007249040436153869 0.0134876896471385
705.0 0.007275724973308484 0.013539011585391385
704.0000000000001 0.007302542534600802 0.013590598970387875
703.0 0.007329493960819471 0.013642453545907643
702.0 0.007356902831949525 0.01369515841386578
701.0 0.007384490555497235 0.013748211999688516
700.0000000000001 0.007412218333708656 0.013801544654154037
699.0 0.007440087067571914 0.013855158238988401
698.0 0.00746809766511663 0.013909054630983268
697.0000000000001 0.007496251041478916 0.013963235722139516
696.0 0.007524548118966927 0.014017703419811964
695.0 0.007552989827127142 0.014072459646855844
694.0 0.007581577102811488 0.01412750634177462
693.0 0.007610310890244873 0.014182845458869898
692.0 0.007639192141093767 0.014238478968392549
691.0 0.007668221814535367 0.014294408856695681
690.0000000000001 0.007697400877327459 0.014350637126389258
689.0 0.007726800505244781 0.014407292626346841
688.0 0.007756634424459034 0.01446476176042992
687.0 0.007786624271154632 0.014522541892718685
686.0 0.007816771077623744 0.014580635154768422
685.0 0.00784707588445601 0.014639043695824661
684.0 0.007877539740617176 0.014697769682995326
683.0000000000001 0.007908163703528568 0.014756815301424744
682.0 0.007938948839147385 0.01481618275446967
681.0 0.007969896222047924 0.014875874263877313
680.0 0.008001006935503699 0.014935892069965276
679.0 0.008032282071570467 0.014996238431803435
678.0 0.008063722731170033 0.015056915627398183
677.0 0.008095330024175292 0.015117925953878291
676.0 0.008127105069495735 0.015179271727683297
675.0 0.008159318773006165 0.0152414266788714
674.0 0.00819177736823127 0.015304052504704086
673.0 0.008224410691416979 0.015367026963387674
672.0000000000001 0.008257219933192965 0.015430352508184184
671.0 0.008290206294030362 0.015494031613206763
670.0 0.0083233709843373 0.015558066773626795
669.0000000000001 0.008356715224555993 0.015622460505883631
668.0 0.008390240245260566 0.015687215347896216
667.0 0.008423947287255987 0.015752333859277563
666.0000000000001 0.008457837601678394 0.01581781862155147
665.0 0.00849191245009618 0.015883672238371876
664.0 0.008526173104612487 0.015949897335744166
663.0 0.008560620847968815 0.01601649656224999
662.0 0.008595508802286263 0.016083919160451206
661.0 0.008630737793193559 0.016151989567836932
660.0 0.008666162056869733 0.016220449664662608
659.0 0.008701782962268796 0.016289302264599636
658.0000000000001 0.008737601889973162 0.016358550205788445
657.0 0.00877362023230974 0.01642819635108651
656.0 0.008809839393467408 0.01649824358831909
655.0000000000001 0.008846260789615867 0.016568694830532877
654.0 0.008882885849025761 0.016639553016252598
653.0 0.008919716012190326 0.01671082110974047
652.0000000000001 0.008956752731948294 0.016782502101258895
651.0 0.008993997473608349 0.0168545990073359
650.0 0.009031451715074894 0.016927114871033908
649.0 0.00906938992731391 0.017000526800482703
648.0 0.009107645072304715 0.017074545042624307
647.0 0.00914611828006777 0.017148998365675825
646.0 0.00918481112100134 0.017223889986689132
645.0 0.00922372517918851 0.017299223151272594
644.0 0.009262862052537249 0.01737500113388522
643.0 0.009302223352922058 0.017451227238133953
642.0 0.009341810706327298 0.017527904797075087
641.0000000000001 0.009381625752992045 0.017605037173518332
640.0 0.00942167014755694 0.017682627760335346
639.0 0.009461945559212539 0.017760679980770903
638.0000000000001 0.009502453671849561 0.01783919728875858
637.0 0.009543230904955742 0.01791824146882824
636.0 0.009584597579576262 0.017998350797411314
635.0000000000001 0.009626206277359108 0.018078942383992956
634.0 0.009668058784468664 0.018160019868092563
633.0 0.00971015690299114 0.018241586922063072
632.0 0.009752502451100539 0.01832364725143281
631.0 0.009795097263227031 0.018406204595251153
630.0 0.009837943190227256 0.01848926272643864
629.0 0.009881042099556514 0.018572825452140874
628.0 0.009924395875443246 0.01865689661408664
627.0000000000001 0.009968006419065457 0.018741480088950112
626.0 0.010011875648729324 0.018826579788717792
625.0 0.010056005500049899 0.018912199661058993
624.0000000000001 0.010100641406908918 0.01899875394483742
623.0 0.010145659730607942 0.019086034681421553
622.0 0.010190948543249053 0.019173853909907626
621.0000000000001 0.01023650989174747 0.019262215780892048
620.0 0.010282345841693534 0.01935112448304622
619.0 0.010328458477551943 0.019440584243517484
618.0 0.010374849902863418 0.019530599328334466
617.0 0.010421522240448584 0.019621174042817525
616.0 0.010468477632614857 0.01971231273199357
615.0 0.010515718241365246 0.01980401978101632
614.0 0.010563246248610143 0.019896299615590828
613.0 0.010611063856381582 0.019989156702403716
612.0 0.010659384855023147 0.020082937091258385
611.0 0.010708198561484644 0.020177623909788524
610.0000000000001 0.010757313040087117 0.02027290805486861
609.0 0.010806730619639986 0.020368794212065847
607.9999999999999 0.01085645365063534 0.020465287110429834
607.0000000000001 0.010906484505483259 0.02056239152295225
606.0 0.010956825578750082 0.020660112267031447
605.0 0.01100747928739945 0.020758454204942666
604.0000000000001 0.011058448071036614 0.020857422244313393
603.0 0.011109734392155513 0.02095702133860483
602.0 0.011161340736389098 0.021057256487598316
601.0 0.011213269612762682 0.021158132737887966
600.0 0.011265722001154832 0.021259961834898117
599.0 0.01131863712239484 0.021362650363856456
598.0 0.011371885991506401 0.021466000019988614
597.0 0.011425471247516555 0.021570016070257374
596.0 0.011479395554478331 0.021674703830952297
595.0 0.011533661601746768 0.02178006866821106
594.0 0.011588272104257993 0.021886115998546445
593.0000000000001 0.011643229802811919 0.02199285128938007
592.0 0.01169853746435867 0.022100280059581468
591.0 0.011754197882288304 0.02220840788001376
590.0000000000001 0.011810213876724495 0.022317240374085667
589.0 0.011866588294821546 0.022426783218309584
588.0 0.0119235857767999 0.02253743018791419
587.0 0.011980976207762648 0.02264884069501542
586.0 0.012038736789989306 0.022760982368430892
585.0 0.012096870509219291 0.02287386111534095
584.0 0.012155380379995197 0.022987482898643684
583.0 0.012214269445984516 0.023101853737542023
582.0 0.012273540780305778 0.023216979708137114
581.0 0.012333197485858354 0.02333286694402891
580.0 0.012393242695656805 0.023449521636923217
579.0000000000001 0.012453679573169323 0.023566950037245366
578.0 0.012514511312660574 0.02368515845476137
576.9999999999999 0.012575866596594066 0.023804326081179987
576.0000000000001 0.012637784928365488 0.023924508276397534
575.0 0.012700110732473513 0.02404549226949065
574.0 0.012762847352811246 0.02416728460621158
573.0000000000001 0.012825998165982302 0.024289891894191586
572.0 0.012889566581669978 0.02441332080358587
571.0 0.012953556043011112 0.02453757806772606
570.0 0.0130179700269748 0.0246626704837798
569.0 0.013082812044745835 0.024788604913416522
568.0 0.013148085642113085 0.024915388283482134
567.0 0.0132137943998628 0.02504302758667937
566.0 0.01327998400087447 0.025171575637917915
565.0 0.013346785332728915 0.02530117678262423
564.0 0.013414034512609722 0.025431655127379747
563.0 0.013481735272675342 0.02556301788903946
562.0000000000001 0.013549891382022306 0.02569527235256401
561.0 0.013618506647105575 0.0258284258717183
560.0 0.01368758491216351 0.025962485869776404
559.0000000000001 0.013757130059648872 0.026097459840234562
558.0 0.013827146010664993 0.026233355347531167
557.0 0.013897636725407688 0.026370180027774078
556.0 0.013968606203612597 0.02650794158947574
555.0 0.014040108446880216 0.026646713431540868
554.0 0.014112326730134045 0.026786737708880907
553.0 0.014185038662446166 0.026927724099913362
552.0 0.01425824842445678 0.027069680582917064
551.0 0.014331960238693263 0.02721261521126149
550.0 0.014406178370050067 0.027356536114160647
549.0 0.014480907126274646 0.027501451497433636
548.0000000000001 0.01455615085845964 0.02764736964427329
547.0 0.014631913961541456 0.027794298916021205
545.9999999999999 0.014708200874804898 0.027942247752951344
545.0000000000001 0.014785016082394666 0.028091224675060207
544.0 0.014862404430869947 0.028241243432654443
543.0 0.014940398951382758 0.028392313872052877
542.0000000000001 0.0150189356631456 0.028544434781784117
541.0 0.01509801921925178 0.028697614907937832
540.0 0.015177654319840526 0.028851863078256858
539.0 0.015257845712637826 0.02900718820293175
538.0 0.015338598193504487 0.029163599275402293
537.0 0.015419916606991066 0.029321105373165398
536.0 0.015501805846899622 0.029479715658591126
535.0 0.01558427085685301 0.02963943937974479
534.0 0.01566731663087111 0.02980028587121691
533.0 0.015750979299502046 0.029962187161546198
532.0 0.015835241044481863 0.030125203999588842
531.0000000000001 0.01592009814958403 0.030289367175574077
530.0 0.016005555790454463 0.030454686265141088
528.9999999999999 0.016091619195532602 0.03062117093247629
528.0000000000001 0.01617829364666078 0.03078883093114407
527.0 0.016265584479701247 0.030957676104924368
526.0 0.01635349708516102 0.031127716388656027
525.0 0.01644203690882478 0.0312989618090868
524.0 0.016531209452395654 0.03147142248573056
523.0 0.016621034851691547 0.03164505776767792
522.0 0.016711526291715875 0.031819845122375526
521.0 0.01680266633230577 0.031995872581019026
520.0 0.016894460672292912 0.03217315050477879
519.0 0.016986915068999978 0.03235168934926086
518.0 0.017080035338916128 0.032531499665351724
517.0000000000001 0.017173827358380554 0.03271259210006822
516.0 0.017268297064275177 0.03289497739741246
514.9999999999999 0.017363450454725496 0.03307866639923313
514.0000000000001 0.01745929358981057 0.033263670046090925
513.0 0.017555823534557903 0.03344994480030622
512.0 0.017653018082801453 0.03363733344623822
511.00000000000006 0.01775091886930566 0.033826062342878695
510.0 0.017849532162617476 0.034016142678897486
509.0 0.01794886429599509 0.034207585743255435
508.00000000000006 0.018048921668155096 0.034400402926051676
507.0 0.01814971074402876 0.03459460571937469
506.0 0.01825123805552771 0.0347902057181572
505.00000000000006 0.01835351020231939 0.03498721462103558
503.99999999999994 0.018456533852611652 0.03518564423121208
503.0 0.018560294120265226 0.035385428015596694
502.0 0.01866473637797035 0.035586355899079686
500.99999999999994 0.01876994769114329 0.03578873141851517
500.00000000000006 0.01887593495313759 0.0359925666349817
499.0 0.01898270512885306 0.03619787371556897
497.99999999999994 0.019090265255560818 0.03640466493421226
497.00000000000006 0.019198622443738954 0.03661295267252903
496.0 0.019307783877918244 0.03682274942065801
495.0 0.019417756817537955 0.03703406777809981
494.00000000000006 0.019528548597813156 0.03724692045455895
493.0 0.019640158481317702 0.037461240266182444
492.0 0.01975258930027495 0.03767700062901408
491.00000000000006 0.019865859867140137 0.0378943277741689
489.99999999999994 0.01997997779015881 0.03811323472809129
489.0 0.020094950757030793 0.038333734629192304
488.00000000000006 0.020210786535826038 0.038555840728654756
486.99999999999994 0.02032749297591202 0.03877956639123914
486.0 0.02044507800889177 0.03900492509608788
485.0 0.020563549649554074 0.039231930437529414
483.99999999999994 0.0206829159968348 0.039460596125881243
483.00000000000006 0.020802950814901484 0.03969039583863043
482.0 0.020923837129998294 0.03992174624848298
481.00000000000006 0.021045637719489446 0.04015478682894136
480.00000000000006 0.02116836094596487 0.04038953158264219
479.0 0.021292015259829766 0.04062599462970692
478.0 0.02141660920031655 0.04086419020850384
477.00000000000006 0.021542151396509324 0.0411041326764062
476.0 0.021668650568380226 0.041345836510546775
475.0 0.02179611552783825 0.04158931630856894
474.0 0.021924442756775537 0.041834344212655694
473.0 0.022053574451721306 0.04208079105508378
472.0 0.022183694004342707 0.04232904795357488
471.0 0.022314810530811417 0.042579129850601076
470.0 0.022446933243547292 0.04283105181104301
469.00000000000006 0.022580071452327977 0.043084829022894046
468.0 0.02271423456541109 0.043340476797959944
467.0 0.022849432090670346 0.04359801057254988
466.0 0.022985673636744978 0.04385744590816234
465.0 0.02312296404167753 0.044118782789732455
464.0 0.023261289897003233 0.04438196233313475
463.0 0.023400688362207815 0.044647088377937585
462.0 0.02354116944383904 0.044914176947309606
461.0 0.023682743254845668 0.04518324419215026
460.0 0.02382542001580527 0.04545430639171315
459.0 0.023969210056165945 0.045727379954217225
458.0 0.02411412381550337 0.04600248141744806
457.00000000000006 0.024260171844791838 0.046279627449347036
456.0 0.024407361190600375 0.046558827429512104
455.0 0.02455567336498721 0.04684003829048125
454.0 0.024705151539498045 0.047123343327708796
453.0 0.02485580671484148 0.04740875972029481
452.0 0.025007650009579153 0.04769630478009885
451.0 0.02516069266148713 0.04798599595224915
450.00000000000006 0.02531494602893325 0.04827785081563648
449.0 0.025470421592270382 0.04857188708339159
448.0 0.02562713095524583 0.0488681226033457
447.0 0.025785063286243342 0.049166538427546584
446.0 0.025944172178936322 0.04946705761000425
445.0 0.02610454905679699 0.049769828660897714
444.0 0.026266206016354734 0.05007486996526033
443.0 0.0264291552846948 0.05038220004515161
442.0 0.02659340922096812 0.05069183756001488
441.0 0.026758980317918478 0.05100380130701374
440.0 0.026925881203427184 0.05131811022134579
439.0 0.027094124642075067 0.051634783376533884
438.0 0.027263702369099637 0.05195389144460129
437.0 0.027434629685757154 0.0522754541223778
436.00000000000006 0.027606939544506475 0.05259944487786557
435.0 0.027780645309069575 0.05292588348597865
434.0 0.02795576048889649 0.05325478986402119
433.0 0.02813229874085862 0.05358618407187462
432.0 0.028310273870962428 0.05392008631215749
431.0 0.028489699836081836 0.05425651693035392
430.0 0.0286705907457112 0.054595496414913
429.00000000000006 0.02885333854178621 0.054938004678180066
427.99999999999994 0.029037595881481935 0.05528314277298511
427.0 0.02922336986857612 0.05563091257222053
426.00000000000006 0.029410675395199527 0.055981335474104485
425.0 0.029599527517929405 0.05633443302464473
424.0 0.02978994145971341 0.05669022691757936
423.0 0.0299819326118147 0.057048738994282804
422.0 0.030175516535779982 0.05740999124362931
420.99999999999994 0.030370883736212367 0.05777451106650979
420.0 0.030567992800933443 0.058142153876022694
419.00000000000006 0.03076674958314968 0.05851262308227703
418.0 0.03096717049052809 0.05888594160952629
417.0 0.031169272113988934 0.05926213253363607
416.0 0.0313730712298629 0.05964121908174855
415.0 0.03157858480207179 0.06002322463189781
414.0 0.031785829984333755 0.06040817271257381
413.0 0.03199528769882725 0.060797061234546645
412.00000000000006 0.03220722232792313 0.06119043062800303
411.0 0.03242096297553226 0.06158685660991555
410.0 0.03263652793211945 0.06198636387446356
409.0 0.0328539356950159 0.06238897726860173
408.0 0.03307320497086203 0.06279472179126308
407.0 0.033294354678077676 0.0632036225924949
406.0 0.03351740394935862 0.0636157049725281
405.00000000000006 0.0337428268788807 0.0640319449897603
403.99999999999994 0.03397104940045134 0.06445321506061391
403.0 0.03420125508257018 0.06487779142094272
402.0 0.03443346435299079 0.06530570059784936
401.0 0.03466769787330873 0.06573696926837817
400.0 0.03490397654172661 0.06617162425808276
399.0 0.03514232149584916 0.06660969253951071
398.0 0.03538275411550788 0.06705120123059702
396.99999999999994 0.035625967555948476 0.06749757284487791
396.0 0.035872121020100005 0.06794911644077412
395.00000000000006 0.036120456299979814 0.06840423666169759
394.0 0.036370996253890335 0.06886296189982063
393.0 0.036623764004797325 0.0693253206887394
392.0 0.03687878294345572 0.06979134170118677
391.0 0.037136076731568116 0.07026105374663173
390.0 0.03739566930497442 0.07073448576876278
389.0 0.037659245243510914 0.07121492636020167
388.00000000000006 0.03792581981618677 0.07170041488209061
387.0 0.03819481010975962 0.07218978587446766
386.0 0.038466241899831256 0.07268306965101774
385.0 0.03874014126364204 0.07318029664766806
384.0 0.0390165345836072 0.07368149741901664
383.0 0.039295448550886576 0.07418670263460805
382.0 0.03957734378988288 0.07469676060665807
381.00000000000006 0.039864510681862815 0.07521595962151965
380.0 0.040154338763834355 0.07573934930348605
379.0 0.0404468569425148 0.0762669616766098
378.0 0.04074209446585594 0.07679882885566247
377.0 0.04104008092698563 0.07733498304085125
376.0 0.04134084626818203 0.07787545651233249
375.0 0.041644420784879864 0.07842028162451957
374.00000000000006 0.04195339132538942 0.07897400873389361
372.99999999999994 0.042266385007810735 0.0795341681757769
372.0 0.04258234864856107 0.08009887084287835
371.0 0.0429013150407369 0.08066814994982191
370.0 0.04322331736517357 0.08124203873722359
369.0 0.043548389194752776 0.0818205704636852
368.0 0.043876564498737336 0.08240377839751406
367.0 0.04420952658919277 0.08299437363505645
365.99999999999994 0.044548083991461644 0.08359362128005106
365.0 0.04488992067652524 0.08419772465227647
364.00000000000006 0.045235073254963634 0.08480671695596971
363.0 0.04558357876639961 0.08542063132325657
362.0 0.045935474683939714 0.08603950080266
361.0 0.04629079891862746 0.08666335834725121
360.0 0.04665086619092048 0.08729428420917273
359.0 0.047018325432536735 0.08793646721976353
358.0 0.04738942221538464 0.08858383437185231
357.00000000000006 0.04776419756799305 0.08923641786064214
356.0 0.04814269299210375 0.08989424966497281
355.0 0.048524950467041035 0.09055736153104607
354.0 0.04891101245406593 0.09122578495569633
353.0 0.049302454851810416 0.0919017912684009
352.0 0.04970271060611057 0.09259031582481471
351.0 0.05010701207341624 0.09328432562562891
350.00000000000006 0.05051540505831336 0.09398384934552834
348.99999999999994 0.05092793587369788 0.09468891521388348
348.0 0.051344651344424404 0.0953995509917675
347.0 0.051765598810885334 0.09611578394840217
346.0 0.05219290310965604 0.09684020556070846
345.0 0.05262813110316324 0.09757465182253522
344.0 0.053067822893136975 0.09831478231536928
343.0 0.05351202859430055 0.09906061872571745
341.99999999999994 0.05396079883848739 0.09981218198488169
341.0 0.054414184776567474 0.10056949223833399
340.0 0.054872238080218544 0.10133256881443119
339.0 0.05533949682740262 0.10210657949583202
338.0 0.055814363767182705 0.10288953166021732
337.0 0.05629416351339158 0.1036782771915705
336.0 0.056778950369103486 0.10447282614211366
334.99999999999994 0.05726877912895709 0.10527318737165767
334.0 0.0577637050777516 0.10607936850765116
333.00000000000006 0.05826385931015066 0.1068914495694404
332.0 0.05877672887689809 0.10771660785601041
331.0 0.059294961900276 0.10854750287863497
330.0 0.05981861537858453 0.10938412870375569
329.0 0.0603477467204577 0.11022647769269264
328.0 0.060882413738277956 0.11107454045308508
327.0 0.061422674641096166 0.11192830578976999
326.00000000000006 0.06197253624540621 0.1127899473111738
325.0 0.0625316526862013 0.1136589988886309
324.0 0.06309659311286783 0.11453343105059963
323.0 0.06366741487426723 0.11541321166940123
322.0 0.06424417552914279 0.11629830623036674
321.0 0.06482693283032086 0.11718867777731293
320.0 0.065416818706176 0.11808420732718211
319.0 0.06601805217361123 0.11898427971146086
318.0 0.06662543810467934 0.11988903880290966
317.0 0.06723902978508473 0.12079842013684383
316.0 0.06785888037906708 0.12171235620807042
315.0 0.06848504290136821 0.12263077641902913
314.0 0.06911757018809242 0.12355360702868823
313.0 0.0697625892026281 0.12447838082846267
312.0 0.0704144092134662 0.12540667835275404
310.99999999999994 0.0710726857350169 0.12633853093109587
310.0 0.07173746300640507 0.12727383112801813
309.0 0.07240878461768352 0.12821246783304524
308.0 0.07308669346472371 0.12915432622507278
307.0 0.07377315590481824 0.1300880573788763
306.0 0.07446645701293665 0.13102162179916937
305.0 0.07516620997224632 0.13195709309021392
303.99999999999994 0.0758724410752209 0.13289431817864977
303.0 0.07658517525243645 0.13383314009501884
302.0 0.07730443601024312 0.13477339797555815
301.0 0.07802888541321724 0.1356952749590644
300.0 0.07875924094487098 0.13661340629661364
299.0 0.07949572802360871 0.1375312455828616
298.0 0.08023834502723791 0.13844859448012709
297.0 0.08098708809398389 0.1393652511470756
296.0 0.081741951046785 0.14028101029958667
295.0 0.08249904017743033 0.1411669401927251
294.0 0.08326148445568539 0.14204899537095356
293.0 0.08402939799241674 0.1429281109566448
292.0 0.08480274151428899 0.1438040502820477
291.0 0.08558147255873973 0.14467657432008355
290.0 0.08636291429506236 0.14553642180412169
289.0 0.08713859472193504 0.14635537899296908
288.0 0.0879186138467868 0.1471686696843129
287.0 0.08870288979095521 0.14797604221414817
286.0 0.0894913368231664 0.14877724449350213
285.0 0.09028386529860724 0.14957202419694907
284.0 0.09106829905858357 0.150326572484813
283.0 0.09184580211917023 0.15104545674467054
282.0 0.09262586317457265 0.15175551719444455
281.0 0.09340834839621587 0.1524565143809957
279.99999999999994 0.09419311983106345 0.15314821123344416
279.0 0.09497972953425861 0.15382966845669982
278.0 0.09573737115113974 0.1544308756937031
277.0 0.09649548638618832 0.15502070805424367
276.0 0.09725389942707525 0.15559897049803004
275.0 0.09801243086178454 0.15616547289784366
274.0 0.09877089772814117 0.15672003020573927
272.99999999999994 0.09950310090820065 0.15721190394860707
272.0 0.1002147796453658 0.1576540484828846
271.0 0.10092423720858805 0.15808273309304932
270.0 0.10163126782802008 0.15849784696445582
269.0 0.10233566369514555 0.15889928602903103
268.0 0.10302356908300361 0.15926320514449388
267.0 0.1036664958844471 0.1595416836450799
266.0 0.10430458194136712 0.15980572744017396
265.0 0.10493761879302593 0.1600553220038585
264.0 0.10556539809735249 0.16029045970603067
263.0 0.1061856547025032 0.1605080845764377
262.0 0.10673303239310808 0.1606126436349842
261.0 0.10727320266559076 0.1607031352439928
260.0 0.10780598849879601 0.16077964200613815
259.0 0.10833121527994954 0.16084225164432647
258.0 0.10884871093694885 0.16089105680690122
257.0 0.10928575692151979 0.1608318124225026
256.0 0.10970666950958147 0.1607507096616068
255.0 0.11011846386254508 0.16065728555317388
253.99999999999997 0.11052102732921205 0.16055169941640132
253.0 0.11091425131283598 0.16043411240816988
251.99999999999997 0.11122352378529902 0.16022110777892212
251.0 0.11151378773198967 0.15998781863291586
250.0 0.1117941942600104 0.15974486442381616
248.99999999999997 0.1120647067854437 0.15949243431823268
248.0 0.11232529289483327 0.1592307162055514
246.99999999999997 0.11257592429919525 0.1589598965573717
246.0 0.11281657678334897 0.15868016029333581
244.99999999999997 0.11304723015073376 0.15839169065328149
244.00000000000003 0.11326786816387638 0.1580946690756484
243.0 0.1134784784806866 0.1577892750820472
241.99999999999997 0.11367905258675935 0.15747568616790278
241.0 0.11386958572386657 0.1571540776990589
239.99999999999997 0.11405007681483013 0.1568246228142389
239.0 0.11422052838496326 0.15648749233323808
238.0 0.11438094648027727 0.15614285467072142
237.0 0.11453134058264966 0.15579087575549525
236.0 0.11467172352214809 0.15543171895511357
235.0 0.11480211138671316 0.15506554500567352
234.0 0.11492252342939394 0.15469251194666123
232.99999999999997 0.11503298197333525 0.15431277506068633
232.0 0.11513351231471687 0.15392648681796098
231.0 0.11522414262383576 0.15353379682536453
230.0 0.1153049038445263 0.15313485177993647
229.0 0.11537582959211155 0.15272979542663997
228.0 0.11543695605007047 0.1523187685202357
226.99999999999997 0.11548832186560798 0.15190190879110774
225.99999999999997 0.11552996804430869 0.15147935091488174
225.0 0.1155619378440481 0.15105122648567312
224.0 0.11558427666833898 0.15061766399281304
223.0 0.1155970319592748 0.15017878880088723
222.0 0.11560025309023501 0.14973472313293576
220.99999999999997 0.11559399125851057 0.14928558605666328
219.99999999999997 0.11557829937799775 0.14883149347349559
219.0 0.11555323197210647 0.1483725581103442
218.0 0.11551884506702521 0.14790888951392317
217.0 0.11547519608547208 0.1474405940474757
216.0 0.1154223437410591 0.1469677748897655
215.0 0.11536034793339497 0.14649053203619455
213.99999999999997 0.11528926964403075 0.14600896230190477
213.0 0.11520917083336804 0.14552315932673812
212.0 0.11512011433861606 0.1450332135819114
211.0 0.11502216377290515 0.14453921237828818
210.0 0.1149153834256352 0.1440412398761148
208.99999999999997 0.11479983816414147 0.14353937709610315
207.99999999999997 0.11467559333675323 0.14303370193173554
207.0 0.11454271467731428 0.14252428916268117
206.0 0.11440126821121972 0.14201121046920956
205.0 0.11425132016303277 0.1414945344474876
204.0 0.1140929368657216 0.1409743266256595
203.0 0.11392618467156469 0.14045064948060149
201.99999999999997 0.11375112986475651 0.13992356245525275
201.0 0.11356783857574575 0.13939312197642478
200.0 0.11337637669733011 0.13885938147299423
