0.3492653441
    0.5187703758
    0.4176491373
    0.4610150382
    0.4679277491
    0.4372451324
    0.3796699623
    0.3409437602
    0.4432629070
    0.4348205301
    0.4062783919
    0.4015795733
    0.3792461939
    0.3511193681
    0.3668774996
    0.5249201358
    0.4471659265
    0.4619770667
    0.4504754634
    0.3383610194
    0.4518449576
    0.3442573048
    0.4336048821
    0.3550404655
    0.4664966486
    0.4678497754
    0.3391011669
    0.4848244300
    0.3868828482
    0.3435215107
    0.4583572564
    0.4127049509
    0.4619770667
    0.3668774996
    0.4948524154
    0.3391011669
    0.4478835490
    0.4062783919
    0.4899130306
    0.3905303611
    0.3657530450
    0.4518449576
    0.3530473146
    0.3591933021
    0.3745526866
    0.5069621332
    0.4372451324
    0.4336048821
    0.4114680517
    0.4188837479
    0.3435215107
    0.4517799618
    0.4636146606
    0.4484273055
    0.4176491373
    0.4878951753
    0.4225823101
    0.3560591012
    0.3383430453
    0.3483691621
    0.4687289771
    0.5138688089
    0.3581362779
    0.4817021475
    0.4127049509
    0.4967852002
    0.3501825180
    0.3702950680
    0.4858538078
    0.4653735035
    0.3560591012
    0.3391011669
    0.3450877187
    0.4127049509
    0.3668774996
    0.3399159321
    0.4785298071
    0.3624205891
    0.4408637900
    0.4680788754
    0.3388337234
    0.4177469537
    0.3917510232
    0.5104682634
    0.3749409631
    0.4492084290
    0.5150190450
    0.3450246473
    0.4610150382
    0.3624300341
    0.3382570341
    0.4720414546
    0.4408637900
    0.4517799618
    0.4311674040
    0.3474953949
    0.4651100465
    0.4817021475
    0.3398163550
    0.3590440629