3.70914E-07	1.915930	1.084560
3.72495E-07	1.957430	1.081980
3.74077E-07	1.999060	1.076040
3.75658E-07	2.040410	1.066680
3.7724E-07	2.081080	1.053870
3.78823E-07	2.120620	1.037670
3.80405E-07	2.158620	1.018210
3.81988E-07	2.194650	0.995680
3.83571E-07	2.228370	0.970350
3.85153E-07	2.259440	0.942550
3.86736E-07	2.287610	0.912650
3.88319E-07	2.312690	0.881050
3.89902E-07	2.334560	0.848180
3.91485E-07	2.353190	0.814460
3.93069E-07	2.368600	0.780290
3.94653E-07	2.380880	0.746050
3.96237E-07	2.390160	0.712070
3.9782E-07	2.396630	0.678670
3.99404E-07	2.400490	0.646080
4.00989E-07	2.401950	0.614520
4.02574E-07	2.401260	0.584150
4.04157E-07	2.398630	0.555070
4.05742E-07	2.394300	0.527380
4.07327E-07	2.388480	0.501130
4.08911E-07	2.381370	0.476330
4.10496E-07	2.373140	0.452990
4.12082E-07	2.363970	0.431090
4.13667E-07	2.354010	0.410600
4.15252E-07	2.343390	0.391480
4.16838E-07	2.332220	0.373670
4.18423E-07	2.320600	0.357130
4.20009E-07	2.308620	0.341810
4.21595E-07	2.296360	0.327630
4.2318E-07	2.283870	0.314560
4.24766E-07	2.271210	0.302520
4.26353E-07	2.258420	0.291480
4.27939E-07	2.245530	0.281370
4.29525E-07	2.232580	0.272160
4.31111E-07	2.219570	0.263800
4.32699E-07	2.206520	0.256250
4.34284E-07	2.193450	0.249470
4.35872E-07	2.180350	0.243440
4.37459E-07	2.167230	0.238140
4.39045E-07	2.154070	0.233530
4.40632E-07	2.140880	0.229620
4.4222E-07	2.127650	0.226380
4.43807E-07	2.114360	0.223830
4.45395E-07	2.101000	0.221970
4.46983E-07	2.087550	0.220810
4.4857E-07	2.074010	0.220400
4.50158E-07	2.060370	0.220790
4.51745E-07	2.046630	0.222020
4.53334E-07	2.032820	0.224210
4.54923E-07	2.019000	0.227460
4.56511E-07	2.005300	0.231890
4.58098E-07	1.991930	0.237640
4.59688E-07	1.979240	0.244760
4.61276E-07	1.967760	0.253150
4.62864E-07	1.958050	0.262320
4.64452E-07	1.950470	0.271280
4.66041E-07	1.944650	0.278660
4.6763E-07	1.939170	0.283390
4.69219E-07	1.932030	0.285590
4.70809E-07	1.921810	0.286580
4.72398E-07	1.908170	0.288030
4.73987E-07	1.891560	0.291160
4.75576E-07	1.872620	0.296650
4.77165E-07	1.851860	0.304790
4.78755E-07	1.829580	0.315740
4.80345E-07	1.805920	0.329680
4.81934E-07	1.780880	0.346870
4.83524E-07	1.754410	0.367730
4.85113E-07	1.726450	0.392840
4.86703E-07	1.696940	0.423000
4.88294E-07	1.665920	0.459280
4.89884E-07	1.633620	0.503090
4.91474E-07	1.600540	0.556250
4.93063E-07	1.567760	0.621030
4.94655E-07	1.537180	0.700130
4.96244E-07	1.511970	0.796540
4.97837E-07	1.497050	0.913180
4.99427E-07	1.499390	1.052260
5.01017E-07	1.528300	1.214590
5.02607E-07	1.595890	1.398840
5.04198E-07	1.718320	1.599970
5.0579E-07	1.917590	1.804840
5.07379E-07	2.220330	1.981200
5.08971E-07	2.640420	2.059710
5.10561E-07	3.123310	1.937630
5.12154E-07	3.503800	1.581400
5.13743E-07	3.648330	1.132460
5.15336E-07	3.602690	0.755670
5.16926E-07	3.476700	0.495050
5.18517E-07	3.336650	0.326160
5.20109E-07	3.207520	0.217450
5.217E-07	3.095440	0.146460
5.23292E-07	2.999980	0.099210
5.24883E-07	2.918890	0.067210
5.26474E-07	2.849720	0.045230
5.28066E-07	2.790340	0.030020
5.29659E-07	2.738980	0.019460
5.3125E-07	2.694250	0.012170
5.32844E-07	2.655020	0.007210
5.34435E-07	2.620400	0.003940
5.36027E-07	2.589690	0.001900
5.3762E-07	2.562320	0.000767
5.39212E-07	2.537890	0.000320
5.40804E-07	2.516130	0.000280
5.42396E-07	2.496590	0.000265
5.43988E-07	2.478790	0.000251
5.4558E-07	2.462480	0.000238
5.47172E-07	2.447440	0.000225
5.48765E-07	2.433500	0.000213
5.50356E-07	2.420540	0.000201
5.51949E-07	2.408430	0.000191
5.53543E-07	2.397090	0.000180
5.55134E-07	2.386430	0.000171
5.56727E-07	2.376390	0.000161
5.58319E-07	2.366910	0.000153
5.59912E-07	2.357940	0.000144
5.61505E-07	2.349430	0.000137
5.63099E-07	2.341350	0.000129
5.64691E-07	2.333650	0.000122
5.66283E-07	2.326320	0.000116
5.67875E-07	2.319310	0.000109
5.69469E-07	2.312620	0.000103
5.71061E-07	2.306200	0.000098
5.72654E-07	2.300060	0.000092
5.74248E-07	2.294160	0.000087
5.7584E-07	2.288490	0.000082
5.77433E-07	2.283040	0.000078
5.79027E-07	2.277790	0.000073
5.80619E-07	2.272730	0.000069
5.82214E-07	2.267850	0.000065
5.83807E-07	2.263130	0.000061
5.854E-07	2.258580	0.000058
5.86994E-07	2.254180	0.000054
5.88585E-07	2.249920	0.000051
5.90179E-07	2.245790	0.000048
5.9177E-07	2.241800	0.000045
5.93365E-07	2.237920	0.000042
5.94959E-07	2.234160	0.000040
5.96551E-07	2.230510	0.000037
5.98146E-07	2.226960	0.000035
5.99737E-07	2.223520	0.000033
6.01331E-07	2.220170	0.000030
6.02925E-07	2.216910	0.000028
6.04518E-07	2.213730	0.000026
6.06111E-07	2.210640	0.000025
6.07706E-07	2.207630	0.000023
6.09298E-07	2.204700	0.000021
6.10892E-07	2.201840	0.000020
6.12485E-07	2.199050	0.000018
6.14078E-07	2.196320	0.000017
6.15673E-07	2.193670	0.000016
6.17267E-07	2.191070	0.000014
6.1886E-07	2.188530	0.000013
6.20451E-07	2.186060	0.000012
6.22045E-07	2.183630	0.000011
6.23638E-07	2.181260	0.000010
6.25232E-07	2.178950	0.000009
6.26825E-07	2.176680	0.000008
6.2842E-07	2.174460	0.000007
6.30014E-07	2.172290	0.000007
6.31606E-07	2.170160	0.000006
6.33199E-07	2.168080	0.000005
6.34794E-07	2.166030	0.000005
6.36388E-07	2.164030	0.000004
6.37979E-07	2.162070	0.000004
6.39572E-07	2.160140	0.000003
6.41166E-07	2.158260	0.000003
6.42758E-07	2.156410	0.000002
6.44355E-07	2.154590	0.000002
6.45946E-07	2.152810	0.000002
6.47539E-07	2.151060	0.000001
6.49132E-07	2.149340	0.000001
6.50726E-07	2.147650	0.000001
6.52318E-07	2.145990	0.000001
6.53915E-07	2.144370	0.000000
6.55505E-07	2.142770	0.000000
6.571E-07	2.141190	0.000000
6.58692E-07	2.139650	0.000000
6.60288E-07	2.138130	0.000000
6.61877E-07	2.136630	0.000000
6.63471E-07	2.135170	0.000000
6.65066E-07	2.133720	0.000000
6.66657E-07	2.132300	0.000000
6.68252E-07	2.130900	0.000000
6.69844E-07	2.129520	0.000000
6.71437E-07	2.128170	0.000000
6.7303E-07	2.126830	0.000000
6.74623E-07	2.125520	0.000000
6.76216E-07	2.124230	0.000000
6.77809E-07	2.122950	0.000000
6.79403E-07	2.121700	0.000000
6.80996E-07	2.120460	0.000000
6.8259E-07	2.119250	0.000000
6.84179E-07	2.118050	0.000000
6.85772E-07	2.116870	0.000000
6.87365E-07	2.115700	0.000000
6.88958E-07	2.114550	0.000000
6.9055E-07	2.113420	0.000000
6.92143E-07	2.112310	0.000000
6.93734E-07	2.111210	0.000000
6.95329E-07	2.110120	0.000000
6.9692E-07	2.109050	0.000000
6.98514E-07	2.107990	0.000000
7.00108E-07	2.106950	0.000000
7.01697E-07	2.105930	0.000000
7.03289E-07	2.104910	0.000000
7.04884E-07	2.103910	0.000000
7.06475E-07	2.102930	0.000000
7.08068E-07	2.101950	0.000000
7.09657E-07	2.100990	0.000000
7.11253E-07	2.100040	0.000000
7.12844E-07	2.099100	0.000000
7.14433E-07	2.098180	0.000000
7.16026E-07	2.097270	0.000000
7.17617E-07	2.096360	0.000000
7.19212E-07	2.095470	0.000000
7.20801E-07	2.094590	0.000000
7.22392E-07	2.093720	0.000000
7.23987E-07	2.092860	0.000000
7.25576E-07	2.092020	0.000000
7.27167E-07	2.091180	0.000000
7.28762E-07	2.090350	0.000000
7.3035E-07	2.089530	0.000000
7.31941E-07	2.088720	0.000000
7.33534E-07	2.087920	0.000000
7.35126E-07	2.087130	0.000000
7.36716E-07	2.086350	0.000000
7.38304E-07	2.085580	0.000000
7.39899E-07	2.084810	0.000000
7.41488E-07	2.084060	0.000000
7.43079E-07	2.083310	0.000000
7.44668E-07	2.082580	0.000000
7.46259E-07	2.081850	0.000000
7.47852E-07	2.081120	0.000000
7.49444E-07	2.080410	0.000000
7.51032E-07	2.079700	0.000000
7.52624E-07	2.079010	0.000000
7.54212E-07	2.078310	0.000000
7.55803E-07	2.077630	0.000000
7.57391E-07	2.076950	0.000000
7.58982E-07	2.076280	0.000000
7.60574E-07	2.075620	0.000000
7.62164E-07	2.074970	0.000000
7.6375E-07	2.074320	0.000000
7.65344E-07	2.073680	0.000000
7.6693E-07	2.073040	0.000000
7.68522E-07	2.072410	0.000000
7.70112E-07	2.071790	0.000000
7.71699E-07	2.071170	0.000000
7.73292E-07	2.070560	0.000000
7.74882E-07	2.069960	0.000000
7.76469E-07	2.069360	0.000000
7.78057E-07	2.068770	0.000000
7.79647E-07	2.068180	0.000000
7.81234E-07	2.067600	0.000000
7.82822E-07	2.067030	0.000000
7.84412E-07	2.066460	0.000000
7.86004E-07	2.065890	0.000000
7.87591E-07	2.065340	0.000000
7.89175E-07	2.064780	0.000000
7.90766E-07	2.064240	0.000000
7.92353E-07	2.063690	0.000000
7.93941E-07	2.063160	0.000000
7.9553E-07	2.062620	0.000000
7.97121E-07	2.062090	0.000000
7.98708E-07	2.061570	0.000000
8.00296E-07	2.061050	0.000000
8.01879E-07	2.060540	0.000000
8.0347E-07	2.060030	0.000000
8.05056E-07	2.059530	0.000000
8.06643E-07	2.059030	0.000000
8.08231E-07	2.058530	0.000000
8.0982E-07	2.058040	0.000000
8.11404E-07	2.057550	0.000000
8.1299E-07	2.057070	0.000000
8.14576E-07	2.056590	0.000000
8.16163E-07	2.056120	0.000000
8.17751E-07	2.055650	0.000000
8.19335E-07	2.055180	0.000000
8.20924E-07	2.054720	0.000000
8.22509E-07	2.054270	0.000000
8.24095E-07	2.053810	0.000000
8.25681E-07	2.053360	0.000000
8.27267E-07	2.052920	0.000000
8.28854E-07	2.052470	0.000000
8.30437E-07	2.052030	0.000000
8.32025E-07	2.051600	0.000000
8.33608E-07	2.051170	0.000000
8.35192E-07	2.050740	0.000000
8.36781E-07	2.050310	0.000000
8.38366E-07	2.049890	0.000000
8.3995E-07	2.049480	0.000000
8.41535E-07	2.049060	0.000000
8.4312E-07	2.048650	0.000000
8.447E-07	2.048240	0.000000
8.46285E-07	2.047840	0.000000
8.47871E-07	2.047440	0.000000
8.49457E-07	2.047040	0.000000
8.51037E-07	2.046640	0.000000
8.52623E-07	2.046250	0.000000
8.54203E-07	2.045860	0.000000
8.55789E-07	2.045480	0.000000
8.57375E-07	2.045090	0.000000
8.58955E-07	2.044710	0.000000
8.60541E-07	2.044340	0.000000
8.62121E-07	2.043960	0.000000
8.63706E-07	2.043590	0.000000
8.65286E-07	2.043220	0.000000
8.66871E-07	2.042860	0.000000
8.6845E-07	2.042490	0.000000
8.70034E-07	2.042130	0.000000
8.71618E-07	2.041780	0.000000
8.73196E-07	2.041420	0.000000
8.74779E-07	2.041070	0.000000
8.76362E-07	2.040720	0.000000
8.77944E-07	2.040370	0.000000
8.79526E-07	2.040030	0.000000
8.81101E-07	2.039680	0.000000
8.82689E-07	2.039340	0.000000
8.84269E-07	2.039010	0.000000
8.85848E-07	2.038670	0.000000
8.87427E-07	2.038340	0.000000
8.89005E-07	2.038010	0.000000
8.90589E-07	2.037680	0.000000
8.92172E-07	2.037350	0.000000
8.93747E-07	2.037030	0.000000
8.95329E-07	2.036710	0.000000
8.96909E-07	2.036390	0.000000
8.98488E-07	2.036070	0.000000
9.00067E-07	2.035760	0.000000
9.01644E-07	2.035450	0.000000
9.03227E-07	2.035140	0.000000
9.04803E-07	2.034830	0.000000
9.06383E-07	2.034520	0.000000
9.07957E-07	2.034220	0.000000
9.09535E-07	2.033920	0.000000
9.11113E-07	2.033620	0.000000
9.12695E-07	2.033320	0.000000
9.1427E-07	2.033020	0.000000
9.15851E-07	2.032730	0.000000
9.1743E-07	2.032440	0.000000
9.19001E-07	2.032150	0.000000
9.20584E-07	2.031860	0.000000
9.22158E-07	2.031570	0.000000
9.23732E-07	2.031290	0.000000
9.2531E-07	2.031000	0.000000
9.26888E-07	2.030720	0.000000
9.28463E-07	2.030440	0.000000
9.30037E-07	2.030170	0.000000
9.31617E-07	2.029890	0.000000
9.33187E-07	2.029620	0.000000
9.34763E-07	2.029350	0.000000
9.36338E-07	2.029080	0.000000
9.37917E-07	2.028810	0.000000
9.39488E-07	2.028540	0.000000
9.41064E-07	2.028270	0.000000
9.42638E-07	2.028010	0.000000
9.44217E-07	2.027750	0.000000
9.45787E-07	2.027490	0.000000
9.47363E-07	2.027230	0.000000
9.48936E-07	2.026970	0.000000
9.50507E-07	2.026710	0.000000
9.52084E-07	2.026460	0.000000
9.53659E-07	2.026210	0.000000
9.55231E-07	2.025960	0.000000
9.56801E-07	2.025710	0.000000
9.58376E-07	2.025460	0.000000
9.59949E-07	2.025210	0.000000
9.6152E-07	2.024960	0.000000
9.63089E-07	2.024720	0.000000
9.64662E-07	2.024480	0.000000
9.66234E-07	2.024240	0.000000
9.67802E-07	2.024000	0.000000
9.69376E-07	2.023760	0.000000
9.70948E-07	2.023520	0.000000
9.72517E-07	2.023290	0.000000
9.74091E-07	2.023050	0.000000
9.75662E-07	2.022820	0.000000
9.77231E-07	2.022590	0.000000
9.78797E-07	2.022360	0.000000
9.80368E-07	2.022130	0.000000
9.81936E-07	2.021900	0.000000
9.8351E-07	2.021670	0.000000
9.85073E-07	2.021450	0.000000
9.86648E-07	2.021220	0.000000
9.88213E-07	2.021000	0.000000
9.89783E-07	2.020780	0.000000
9.9135E-07	2.020560	0.000000
9.92914E-07	2.020340	0.000000
9.94483E-07	2.020120	0.000000
9.96049E-07	2.019900	0.000000
9.9762E-07	2.019690	0.000000
9.99188E-07	2.019470	0.000000
0.000001013	2.017630	0.000000
1.01641E-06	2.017190	0.000000
1.01981E-06	2.016750	0.000000
1.02322E-06	2.016320	0.000000
1.02662E-06	2.015890	0.000000
1.03003E-06	2.015470	0.000000
1.03343E-06	2.015050	0.000000
1.03684E-06	2.014630	0.000000
1.04025E-06	2.014220	0.000000
1.04366E-06	2.013810	0.000000
1.04707E-06	2.013410	0.000000
1.05047E-06	2.013010	0.000000
1.05388E-06	2.012620	0.000000
1.05729E-06	2.012230	0.000000
1.0607E-06	2.011840	0.000000
1.06411E-06	2.011460	0.000000
1.06752E-06	2.011080	0.000000
1.07093E-06	2.010700	0.000000
1.07434E-06	2.010330	0.000000
1.07775E-06	2.009960	0.000000
1.08116E-06	2.009590	0.000000
1.08457E-06	2.009230	0.000000
1.08799E-06	2.008870	0.000000
1.0914E-06	2.008520	0.000000
1.09481E-06	2.008160	0.000000
1.09823E-06	2.007810	0.000000
1.10164E-06	2.007470	0.000000
1.10506E-06	2.007120	0.000000
1.10847E-06	2.006780	0.000000
1.11189E-06	2.006450	0.000000
1.1153E-06	2.006110	0.000000
1.11872E-06	2.005780	0.000000
1.12213E-06	2.005450	0.000000
1.12554E-06	2.005120	0.000000
1.12897E-06	2.004800	0.000000
1.13238E-06	2.004480	0.000000
1.13579E-06	2.004160	0.000000
1.13922E-06	2.003840	0.000000
1.14263E-06	2.003530	0.000000
1.14605E-06	2.003220	0.000000
1.14947E-06	2.002910	0.000000
1.15289E-06	2.002610	0.000000
1.15631E-06	2.002300	0.000000
1.15973E-06	2.002000	0.000000
1.16314E-06	2.001700	0.000000
1.16657E-06	2.001400	0.000000
1.16998E-06	2.001110	0.000000
1.1734E-06	2.000810	0.000000
1.17682E-06	2.000520	0.000000
1.18025E-06	2.000240	0.000000
1.18368E-06	1.999950	0.000000
1.18709E-06	1.999670	0.000000
1.19052E-06	1.999380	0.000000
1.19394E-06	1.999100	0.000000
1.19736E-06	1.998820	0.000000
1.20079E-06	1.998550	0.000000
1.20421E-06	1.998270	0.000000
1.20763E-06	1.998000	0.000000
1.21106E-06	1.997730	0.000000
1.21448E-06	1.997460	0.000000
1.21791E-06	1.997190	0.000000
1.22134E-06	1.996930	0.000000
1.22477E-06	1.996660	0.000000
1.22819E-06	1.996400	0.000000
1.23161E-06	1.996140	0.000000
1.23504E-06	1.995880	0.000000
1.23847E-06	1.995620	0.000000
1.2419E-06	1.995370	0.000000
1.24532E-06	1.995110	0.000000
1.24876E-06	1.994860	0.000000
1.25219E-06	1.994610	0.000000
1.25561E-06	1.994360	0.000000
1.25904E-06	1.994110	0.000000
1.26248E-06	1.993860	0.000000
1.26591E-06	1.993620	0.000000
1.26933E-06	1.993370	0.000000
1.27277E-06	1.993130	0.000000
1.2762E-06	1.992890	0.000000
1.27963E-06	1.992650	0.000000
1.28306E-06	1.992410	0.000000
1.28649E-06	1.992170	0.000000
1.28993E-06	1.991940	0.000000
1.29336E-06	1.991700	0.000000
1.2968E-06	1.991470	0.000000
1.30022E-06	1.991230	0.000000
1.30366E-06	1.991000	0.000000
1.30709E-06	1.990770	0.000000
1.31053E-06	1.990540	0.000000
1.31396E-06	1.990320	0.000000
1.3174E-06	1.990090	0.000000
1.32084E-06	1.989860	0.000000
1.32428E-06	1.989640	0.000000
1.32771E-06	1.989420	0.000000
1.33115E-06	1.989200	0.000000
1.33458E-06	1.988970	0.000000
1.33803E-06	1.988750	0.000000
1.34146E-06	1.988530	0.000000
1.34489E-06	1.988320	0.000000
1.34834E-06	1.988100	0.000000
1.35178E-06	1.987880	0.000000
1.35521E-06	1.987670	0.000000
1.35866E-06	1.987450	0.000000
1.36209E-06	1.987240	0.000000
1.36554E-06	1.987030	0.000000
1.36898E-06	1.986820	0.000000
1.37242E-06	1.986610	0.000000
1.37586E-06	1.986400	0.000000
1.3793E-06	1.986190	0.000000
1.38275E-06	1.985980	0.000000
1.38618E-06	1.985770	0.000000
1.38963E-06	1.985570	0.000000
1.39307E-06	1.985360	0.000000
1.39652E-06	1.985160	0.000000
1.39995E-06	1.984950	0.000000
1.40341E-06	1.984750	0.000000
1.40685E-06	1.984550	0.000000
1.41029E-06	1.984350	0.000000
1.41375E-06	1.984150	0.000000
1.41719E-06	1.983950	0.000000
1.42063E-06	1.983750	0.000000
1.42407E-06	1.983550	0.000000
1.42752E-06	1.983350	0.000000
1.43098E-06	1.983160	0.000000
1.43442E-06	1.982960	0.000000
1.43786E-06	1.982760	0.000000
1.44131E-06	1.982570	0.000000
1.44477E-06	1.982380	0.000000
1.44821E-06	1.982180	0.000000
1.45165E-06	1.981990	0.000000
1.45511E-06	1.981800	0.000000
1.45855E-06	1.981600	0.000000
1.46201E-06	1.981410	0.000000
1.46546E-06	1.981220	0.000000
1.4689E-06	1.981030	0.000000
1.47236E-06	1.980840	0.000000
1.47581E-06	1.980660	0.000000
1.47926E-06	1.980470	0.000000
1.48271E-06	1.980280	0.000000
1.48618E-06	1.980090	0.000000
1.48962E-06	1.979910	0.000000
1.49308E-06	1.979720	0.000000
1.49653E-06	1.979530	0.000000
1.49998E-06	1.979350	0.000000
1.50344E-06	1.979170	0.000000
1.50689E-06	1.978980	0.000000
1.51034E-06	1.978800	0.000000
1.51381E-06	1.978620	0.000000
1.51726E-06	1.978430	0.000000
1.52072E-06	1.978250	0.000000
1.52418E-06	1.978070	0.000000
1.52763E-06	1.977890	0.000000
1.53108E-06	1.977710	0.000000
1.53455E-06	1.977530	0.000000
0.000001538	1.977350	0.000000
1.54146E-06	1.977170	0.000000
1.54492E-06	1.976990	0.000000
1.54839E-06	1.976810	0.000000
1.55184E-06	1.976630	0.000000
1.5553E-06	1.976460	0.000000
1.55877E-06	1.976280	0.000000
1.56222E-06	1.976100	0.000000
1.56567E-06	1.975930	0.000000
1.56914E-06	1.975750	0.000000
1.57261E-06	1.975580	0.000000
1.57606E-06	1.975400	0.000000
1.57952E-06	1.975230	0.000000
1.58299E-06	1.975050	0.000000
1.58645E-06	1.974880	0.000000
1.58991E-06	1.974700	0.000000
1.59338E-06	1.974530	0.000000
1.59685E-06	1.974360	0.000000
1.60031E-06	1.974190	0.000000
1.60377E-06	1.974010	0.000000
1.60724E-06	1.973840	0.000000
1.61071E-06	1.973670	0.000000
1.61417E-06	1.973500	0.000000
1.61762E-06	1.973330	0.000000
1.62109E-06	1.973160	0.000000
1.62457E-06	1.972990	0.000000
1.62803E-06	1.972820	0.000000
1.6315E-06	1.972650	0.000000
1.63496E-06	1.972480	0.000000
1.63844E-06	1.972310	0.000000
1.64189E-06	1.972140	0.000000
1.64538E-06	1.971970	0.000000
1.64884E-06	1.971800	0.000000
1.65231E-06	1.971630	0.000000
1.65577E-06	1.971470	0.000000
1.65925E-06	1.971300	0.000000
1.66272E-06	1.971130	0.000000
1.66619E-06	1.970960	0.000000
1.66966E-06	1.970800	0.000000
1.67313E-06	1.970630	0.000000
1.67659E-06	1.970460	0.000000
1.68007E-06	1.970300	0.000000
1.68354E-06	1.970130	0.000000
1.68702E-06	1.969970	0.000000
