0.0000004	1.62552	8.13E-07
0.00000041	1.62163	7.28E-07
0.00000042	1.61834	6.82E-07
0.00000043	1.61546	6.70E-07
0.00000044	1.61279	6.50E-07
0.00000045	1.61037	6.33E-07
0.00000046	1.60797	6.12E-07
0.00000047	1.60594	6.02E-07
0.00000048	1.60372	6.09E-07
0.00000049	1.60201	6.25E-07
0.0000005	1.60021	6.11E-07
0.00000051	1.59862	6.12E-07
0.00000052	1.59721	5.72E-07
0.00000053	1.59587	5.62E-07
0.00000054	1.59443	5.70E-07
0.00000055	1.59338	5.78E-07
0.00000056	1.59217	6.07E-07
0.00000057	1.59084	5.86E-07
0.00000058	1.58996	5.95E-07
0.00000059	1.58898	5.83E-07
0.0000006	1.5882	6.36E-07
0.00000061	1.58734	6.31E-07
0.00000062	1.58653	5.93E-07
0.00000063	1.58554	6.14E-07
0.00000064	1.58493	6.27E-07
0.00000065	1.58426	5.83E-07
0.00000066	1.58359	5.86E-07
0.00000067	1.583	5.73E-07
0.00000068	1.58237	5.64E-07
0.00000069	1.5818	5.82E-07
0.0000007	1.58128	5.64E-07
0.00000071	1.58061	6.02E-07
0.00000072	1.58022	5.55E-07
0.00000073	1.57972	5.76E-07
0.00000074	1.57926	5.67E-07
0.00000075	1.57889	5.51E-07
0.00000076	1.57821	5.98E-07
0.00000077	1.5777	6.08E-07
0.00000078	1.57746	5.46E-07
0.00000079	1.57703	5.45E-07
0.0000008	1.57674	5.54E-07
0.00000081	1.57637	5.55E-07
0.00000082	1.57618	4.48E-07
0.00000083	1.5758	4.21E-07
0.00000084	1.57563	5.34E-07
0.00000085	1.57539	5.11E-07
0.00000086	1.57513	5.29E-07
0.00000087	1.57489	1.22E-06
0.00000088	1.57451	9.11E-07
0.00000089	1.57437	8.20E-07
0.0000009	1.57409	5.35E-07
0.00000091	1.57387	4.93E-07
0.00000092	1.57362	3.93E-07
0.00000093	1.57343	2.85E-07
0.00000094	1.57315	8.16E-07
0.00000095	1.57292	4.00E-07
0.00000096	1.57285	4.71E-07
0.00000097	1.57256	2.04E-07
0.00000098	1.57231	2.34E-07
0.00000099	1.57216	4.34E-07
0.000001	1.57211	3.49E-07
0.00000101	1.57197	7.34E-07
0.00000102	1.57197	7.39E-07
0.00000103	1.56996	1.01E-06
0.00000104	1.57013	9.61E-07
0.00000105	1.5699	9.82E-07
0.00000106	1.56958	9.36E-07
0.00000107	1.56904	9.04E-07
0.00000108	1.56938	8.95E-07
0.00000109	1.56916	1.25E-06
0.0000011	1.56904	1.10E-06
0.00000111	1.56911	1.35E-06
0.00000112	1.56854	1.88E-06
0.00000113	1.5687	4.12E-06
0.00000114	1.56779	1.13E-05
0.00000115	1.56805	1.14E-05
0.00000116	1.56801	4.52E-06
0.00000117	1.56851	2.96E-06
0.00000118	1.56822	2.45E-06
0.00000119	1.56803	3.44E-06
0.0000012	1.56767	4.60E-06
0.00000121	1.56757	5.24E-06
0.00000122	1.56707	4.03E-06
0.00000123	1.56707	2.79E-06
0.00000124	1.56665	2.06E-06
0.00000125	1.56688	1.68E-06
0.00000126	1.56667	1.66E-06
0.00000127	1.56692	1.88E-06
0.00000128	1.56712	1.27E-06
0.00000129	1.56643	1.27E-06
0.0000013	1.56571	1.51E-06
0.00000131	1.56643	1.43E-06
0.00000132	1.566	1.57E-06
0.00000133	1.56583	1.74E-06
0.00000134	1.56593	2.03E-06
0.00000135	1.56618	2.28E-06
0.00000136	1.56572	2.05E-06
0.00000137	1.56639	3.55E-06
0.00000138	1.56551	4.00E-06
0.00000139	1.56555	4.78E-06
0.0000014	1.56579	5.05E-06
0.00000141	1.56531	5.76E-06
0.00000142	1.56534	6.12E-06
0.00000143	1.56508	5.24E-06
0.00000144	1.5651	5.08E-06
0.00000145	1.56522	4.49E-06
0.00000146	1.56532	4.01E-06
0.00000147	1.56522	4.00E-06
0.00000148	1.5651	4.65E-06
0.00000149	1.56533	3.23E-06
0.0000015	1.56463	3.06E-06
0.00000151	1.56471	2.82E-06
0.00000152	1.56419	2.64E-06
0.00000153	1.56448	2.45E-06
0.00000154	1.56478	2.25E-06
0.00000155	1.56484	1.89E-06
0.00000156	1.56451	1.96E-06
0.00000157	1.56462	2.13E-06
0.00000158	1.56449	2.41E-06
0.00000159	1.56403	2.84E-06
0.0000016	1.56384	3.32E-06
0.00000161	1.56384	4.46E-06
0.00000162	1.56447	8.11E-06
0.00000163	1.56402	1.92E-05
0.00000164	1.56432	2.68E-05
0.00000165	1.56402	2.42E-05
0.00000166	1.56391	3.87E-05
0.00000167	1.56342	1.05E-04
0.00000168	1.56376	1.60E-04
0.00000169	1.5636	1.37E-04
0.0000017	1.56341	8.46E-05
0.00000171	1.56341	5.42E-05
0.00000172	1.56363	4.80E-05
0.00000173	1.5639	4.40E-05
0.00000174	1.56383	2.73E-05
0.00000175	1.56336	3.34E-05
0.00000176	1.56349	4.17E-05
0.00000177	1.56337	3.62E-05
0.00000178	1.56328	2.72E-05
0.00000179	1.56336	3.06E-05
0.0000018	1.56314	2.91E-05
0.00000181	1.56316	2.97E-05
0.00000182	1.56293	2.72E-05
0.00000183	1.56309	2.44E-05
0.00000184	1.56296	2.48E-05
0.00000185	1.56285	2.56E-05
0.00000186	1.56279	2.68E-05
0.00000187	1.5632	2.46E-05
0.00000188	1.56337	2.18E-05
0.00000189	1.56296	2.14E-05
0.0000019	1.56302	2.11E-05
0.00000191	1.5631	2.14E-05
0.00000192	1.5627	1.97E-05
0.00000193	1.56293	1.89E-05
0.00000194	1.56262	1.85E-05
0.00000195	1.56275	1.92E-05
0.00000196	1.56273	1.84E-05
0.00000197	1.56303	1.79E-05
0.00000198	1.56332	1.79E-05
0.00000199	1.56277	1.75E-05
0.000002	1.56256	1.76E-05
2.0097E-06	1.58013	2.14E-05
0.000002019	1.57816	2.45E-05
2.0285E-06	1.57629	3.10E-05
2.0381E-06	1.57637	3.69E-05
2.0478E-06	1.57668	3.77E-05
2.0575E-06	1.57491	3.91E-05
2.0673E-06	1.57307	4.05E-05
2.0773E-06	1.57276	4.13E-05
2.0873E-06	1.57268	4.29E-05
2.0975E-06	1.5696	4.60E-05
2.1077E-06	1.56498	5.05E-05
0.000002118	1.56087	5.84E-05
2.1285E-06	1.5594	7.44E-05
0.000002139	1.56039	1.00E-04
2.1496E-06	1.56007	3.39E-03
2.1568E-06	1.55891	3.89E-03
2.1676E-06	1.5585	3.88E-03
2.1785E-06	1.55899	3.59E-03
2.1896E-06	1.55948	4.30E-03
0.000002197	1.55989	4.75E-03
2.2082E-06	1.55992	9.79E-05
2.2196E-06	1.55973	9.05E-05
2.2272E-06	1.55961	8.51E-05
2.2387E-06	1.55943	7.97E-05
2.2465E-06	1.55951	8.03E-05
2.2582E-06	1.55937	8.63E-05
2.2661E-06	1.55898	9.32E-05
2.2781E-06	1.55863	3.39E-03
2.2861E-06	1.55819	3.73E-03
2.2983E-06	1.5577	4.10E-03
2.3065E-06	1.55805	3.87E-03
2.3188E-06	1.55974	3.62E-03
2.3272E-06	1.55972	3.53E-03
2.3398E-06	1.5589	3.76E-03
2.3482E-06	1.55899	3.95E-03
2.3568E-06	1.55953	4.27E-03
2.3697E-06	1.55926	4.37E-03
2.3784E-06	1.5591	3.70E-03
2.3872E-06	1.55927	3.62E-03
0.000002396	1.55926	3.73E-03
2.4093E-06	1.56026	3.60E-03
2.4183E-06	1.56061	3.66E-03
2.4274E-06	1.55998	3.84E-03
2.4365E-06	1.55879	3.74E-03
2.4457E-06	1.55783	3.13E-03
2.4596E-06	1.55785	2.89E-03
0.000002469	1.5584	3.70E-03
2.4784E-06	1.55913	4.51E-03
0.000002488	1.55901	4.33E-03
2.4975E-06	1.55826	3.47E-03
2.5072E-06	1.55814	3.21E-03
2.5169E-06	1.55819	2.96E-03
2.5268E-06	1.55786	2.69E-03
2.5366E-06	1.55789	3.15E-03
2.5466E-06	1.55834	3.64E-03
2.5567E-06	1.55903	4.06E-03
2.5668E-06	1.55995	4.18E-03
0.000002577	1.56012	3.91E-03
2.5873E-06	1.55993	3.48E-03
2.5976E-06	1.55931	2.93E-03
2.6081E-06	1.55863	3.05E-03
2.6186E-06	1.55816	3.37E-03
2.6293E-06	1.55779	3.95E-03
0.00000264	1.55723	4.26E-03
2.6454E-06	1.55694	3.94E-03
2.6562E-06	1.55653	3.08E-03
2.6671E-06	1.55665	3.39E-03
2.6782E-06	1.55659	3.67E-03
2.6893E-06	1.55643	3.07E-03
2.6949E-06	1.55634	2.73E-03
2.7061E-06	1.55665	3.03E-03
2.7175E-06	1.55711	4.19E-03
2.7289E-06	1.55817	4.07E-03
2.7347E-06	1.55843	3.54E-03
2.7462E-06	1.55782	2.82E-03
2.7579E-06	1.55683	2.55E-03
2.7697E-06	1.557	2.34E-03
2.7756E-06	1.5573	2.56E-03
2.7876E-06	1.55717	3.09E-03
2.7996E-06	1.55649	3.24E-03
2.8057E-06	1.55653	3.27E-03
2.8179E-06	1.55696	3.56E-03
0.000002824	1.55672	3.62E-03
2.8364E-06	1.55635	3.54E-03
2.8489E-06	1.55664	3.61E-03
2.8551E-06	1.55686	3.48E-03
2.8678E-06	1.55703	3.25E-03
2.8741E-06	1.55694	3.32E-03
2.8869E-06	1.55628	3.39E-03
2.8998E-06	1.55591	3.68E-03
2.9063E-06	1.55585	3.76E-03
2.9194E-06	1.55621	1.36E-04
0.000002926	1.55646	1.29E-04
2.9393E-06	1.55658	1.23E-04
0.000002946	1.55647	1.21E-04
2.9594E-06	1.55598	1.15E-04
2.9662E-06	1.55596	1.12E-04
2.9798E-06	1.55631	1.08E-04
2.9867E-06	1.55639	1.10E-04
2.9936E-06	1.55639	1.13E-04
3.0075E-06	1.55579	1.18E-04
3.0145E-06	1.55535	1.20E-04
3.0286E-06	1.5551	1.25E-04
3.0357E-06	1.55549	1.29E-04
3.0499E-06	1.55524	2.22E-03
3.0571E-06	1.55478	1.86E-03
3.0644E-06	1.55469	1.86E-03
3.0789E-06	1.55481	2.49E-03
3.0863E-06	1.55475	2.59E-03
3.0936E-06	1.55461	2.56E-03
3.1085E-06	1.55413	2.57E-03
3.1159E-06	1.55343	2.69E-03
3.1234E-06	1.55254	2.97E-03
3.1386E-06	1.55237	2.89E-03
3.1462E-06	1.55284	2.56E-03
3.1538E-06	1.55295	2.36E-03
3.1693E-06	1.5518	2.76E-03
0.000003177	1.55058	2.97E-03
3.1848E-06	1.54952	3.11E-03
3.1927E-06	1.5487	3.14E-03
3.2085E-06	1.54737	3.33E-03
3.2164E-06	1.54672	4.25E-03
3.2244E-06	1.5461	5.86E-03
3.2325E-06	1.54574	8.03E-03
3.2487E-06	1.54667	1.19E-02
3.2569E-06	1.54742	1.33E-02
3.2651E-06	1.54859	1.43E-02
3.2733E-06	1.54943	1.40E-02
3.2899E-06	1.54754	1.65E-02
3.2983E-06	1.55034	2.11E-02
3.3067E-06	1.5572	2.22E-02
3.3152E-06	1.56264	1.75E-02
3.3237E-06	1.56325	1.14E-02
3.3322E-06	1.56116	7.90E-03
3.3494E-06	1.55613	5.82E-03
3.3581E-06	1.55359	6.23E-03
3.3668E-06	1.55094	7.25E-03
3.3756E-06	1.54799	8.48E-03
3.3844E-06	1.54482	1.08E-02
3.3933E-06	1.54232	1.59E-02
3.4022E-06	1.54242	2.37E-02
3.4111E-06	1.54738	3.17E-02
3.4292E-06	1.5679	3.33E-02
3.4383E-06	1.57444	2.69E-02
3.4474E-06	1.57594	1.99E-02
3.4566E-06	1.5745	1.44E-02
3.4658E-06	1.57221	1.12E-02
3.4751E-06	1.56992	9.74E-03
3.4845E-06	1.56755	9.93E-03
3.4939E-06	1.56622	1.14E-02
3.5033E-06	1.56748	1.26E-02
3.5128E-06	1.57044	1.15E-02
3.5224E-06	1.57216	8.27E-03
0.000003532	1.57146	5.45E-03
3.5416E-06	1.56961	4.04E-03
3.5513E-06	1.56806	3.48E-03
3.5611E-06	1.56727	3.22E-03
3.5709E-06	1.56652	3.21E-03
3.5807E-06	1.56547	3.38E-03
3.5907E-06	1.56457	3.27E-03
3.6006E-06	1.56415	2.97E-03
3.6107E-06	1.56381	2.84E-03
3.6207E-06	1.56328	2.60E-03
3.6309E-06	1.5628	2.29E-03
3.6411E-06	1.56239	2.30E-03
3.6513E-06	1.56192	2.64E-03
3.6617E-06	1.56144	2.94E-03
0.000003672	1.56127	3.06E-03
3.6825E-06	1.56138	3.03E-03
0.000003693	1.56128	2.92E-03
3.7035E-06	1.56089	2.90E-03
3.7141E-06	1.56071	2.95E-03
3.7248E-06	1.56086	3.13E-03
3.7355E-06	1.56092	3.38E-03
3.7463E-06	1.56068	3.51E-03
3.7572E-06	1.5605	3.28E-03
3.7681E-06	1.56048	3.05E-03
3.7791E-06	1.56028	3.11E-03
3.7901E-06	1.56018	3.14E-03
3.8013E-06	1.56034	3.03E-03
3.8124E-06	1.56015	2.90E-03
3.8237E-06	1.55957	3.02E-03
0.000003835	1.55941	3.17E-03
3.8464E-06	1.5597	3.19E-03
3.8578E-06	1.55988	3.22E-03
3.8693E-06	1.55972	3.26E-03
3.8809E-06	1.55938	3.31E-03
3.8926E-06	1.55896	3.26E-03
3.9043E-06	1.55875	3.00E-03
3.9161E-06	1.55887	2.66E-03
0.000003928	1.55887	2.56E-03
3.9399E-06	1.55866	2.73E-03
3.9519E-06	1.55855	2.97E-03
0.000003964	1.55858	2.97E-03
3.9762E-06	1.55843	2.91E-03
3.9884E-06	1.55839	3.09E-03
4.0007E-06	1.55857	3.29E-03
4.0131E-06	1.55861	3.26E-03
4.0255E-06	1.5584	3.04E-03
4.0381E-06	1.55822	2.83E-03
4.0507E-06	1.55804	2.76E-03
4.0634E-06	1.55792	2.84E-03
4.0762E-06	1.55779	2.83E-03
0.000004089	1.55757	2.86E-03
0.000004102	1.55727	2.92E-03
0.000004115	1.55716	2.96E-03
4.1281E-06	1.55718	3.02E-03
4.1413E-06	1.55739	2.89E-03
4.1546E-06	1.55747	2.60E-03
4.1679E-06	1.55724	2.58E-03
4.1814E-06	1.55699	2.88E-03
4.1949E-06	1.55713	3.23E-03
4.2085E-06	1.55751	3.50E-03
4.2222E-06	1.55757	3.66E-03
0.000004236	1.55669	3.83E-03
4.2499E-06	1.55643	3.79E-03
4.2639E-06	1.55646	3.67E-03
0.000004278	1.5563	3.79E-03
4.2921E-06	1.55709	3.82E-03
4.3064E-06	1.55771	3.62E-03
4.3208E-06	1.55718	3.30E-03
4.3352E-06	1.55666	2.97E-03
4.3498E-06	1.55664	2.88E-03
4.3644E-06	1.55657	2.93E-03
4.3791E-06	1.55643	2.98E-03
0.000004394	1.55627	3.02E-03
4.4089E-06	1.55631	3.04E-03
0.000004424	1.55644	2.85E-03
4.4391E-06	1.55643	2.59E-03
4.4544E-06	1.55641	2.50E-03
4.4697E-06	1.55634	2.75E-03
4.4852E-06	1.55621	2.99E-03
4.5008E-06	1.55614	3.07E-03
4.5165E-06	1.55585	3.20E-03
4.5323E-06	1.55561	3.28E-03
4.5482E-06	1.5557	3.18E-03
4.5642E-06	1.55575	3.12E-03
4.5803E-06	1.55531	3.05E-03
4.5965E-06	1.55514	2.97E-03
4.6129E-06	1.55533	2.93E-03
4.6294E-06	1.55535	2.89E-03
0.000004646	1.55495	2.84E-03
4.6627E-06	1.55465	2.63E-03
4.6795E-06	1.55464	2.46E-03
4.6965E-06	1.55475	2.70E-03
4.7136E-06	1.5547	3.05E-03
4.7308E-06	1.55428	3.21E-03
4.7481E-06	1.55408	3.10E-03
4.7655E-06	1.55416	2.80E-03
4.7831E-06	1.55415	2.70E-03
4.8008E-06	1.55417	2.80E-03
4.8187E-06	1.5542	2.98E-03
4.8367E-06	1.55417	3.10E-03
4.8548E-06	1.5541	3.06E-03
0.000004873	1.55375	3.06E-03
4.8914E-06	1.5533	3.04E-03
0.00000491	1.55332	2.86E-03
4.9286E-06	1.55334	2.92E-03
4.9474E-06	1.5531	3.23E-03
4.9664E-06	1.55286	3.25E-03
4.9855E-06	1.55265	3.03E-03
5.0047E-06	1.55226	3.02E-03
5.0241E-06	1.55203	3.24E-03
5.0437E-06	1.55185	3.41E-03
5.0634E-06	1.55126	3.55E-03
5.0832E-06	1.55079	4.37E-03
5.1033E-06	1.55096	5.21E-03
5.1234E-06	1.55143	5.74E-03
5.1438E-06	1.55238	6.26E-03
5.1643E-06	1.55309	5.86E-03
5.1849E-06	1.55309	4.94E-03
5.2057E-06	1.55291	4.16E-03
5.2267E-06	1.55242	3.44E-03
5.2479E-06	1.55154	3.29E-03
5.2692E-06	1.55087	3.77E-03
5.2907E-06	1.55092	4.43E-03
5.3124E-06	1.55125	5.12E-03
5.3343E-06	1.55189	5.73E-03
5.3563E-06	1.55271	5.66E-03
5.3785E-06	1.55289	4.66E-03
5.4009E-06	1.55242	3.74E-03
5.4235E-06	1.55176	3.41E-03
5.4463E-06	1.55092	3.65E-03
5.4693E-06	1.54993	4.02E-03
5.4925E-06	1.54945	4.34E-03
5.5159E-06	1.55002	5.09E-03
5.5394E-06	1.55082	5.96E-03
5.5632E-06	1.55129	5.64E-03
5.5872E-06	1.55144	4.51E-03
5.6114E-06	1.55129	3.69E-03
5.6358E-06	1.55042	3.56E-03
5.6604E-06	1.54767	5.41E-03
5.6852E-06	1.54548	9.80E-03
5.7103E-06	1.5469	1.36E-02
5.7355E-06	1.55012	1.46E-02
0.000005761	1.55263	1.27E-02
5.7867E-06	1.55358	9.84E-03
5.8127E-06	1.55303	8.33E-03
5.8389E-06	1.55243	7.20E-03
5.8653E-06	1.55166	6.26E-03
5.8919E-06	1.55034	5.98E-03
5.9188E-06	1.5498	5.72E-03
0.000005946	1.54978	5.46E-03
5.9734E-06	1.54902	5.58E-03
6.0011E-06	1.54853	5.43E-03
0.000006029	1.5488	4.87E-03
6.0571E-06	1.5483	4.58E-03
6.0856E-06	1.5472	4.69E-03
6.1143E-06	1.54587	4.57E-03
6.1433E-06	1.5446	4.41E-03
6.1725E-06	1.54228	4.79E-03
0.000006202	1.53801	9.80E-03
6.2319E-06	1.54106	1.85E-02
0.000006262	1.551	1.87E-02
6.2924E-06	1.55443	1.24E-02
6.3231E-06	1.55355	9.44E-03
6.3541E-06	1.55229	6.64E-03
6.3854E-06	1.54999	4.61E-03
0.000006417	1.54766	4.57E-03
6.4489E-06	1.54569	5.46E-03
6.4811E-06	1.54468	5.75E-03
6.5137E-06	1.5438	4.91E-03
6.5466E-06	1.542	4.42E-03
6.5798E-06	1.53885	4.70E-03
6.6134E-06	1.53305	4.69E-03
6.6473E-06	1.52191	1.52E-02
6.6816E-06	1.53047	3.85E-02
6.7162E-06	1.55656	3.71E-02
6.7512E-06	1.56128	1.67E-02
6.7865E-06	1.54797	7.57E-03
6.8223E-06	1.53477	1.21E-02
6.8583E-06	1.53216	3.45E-02
6.8948E-06	1.55525	4.96E-02
6.9317E-06	1.57473	3.36E-02
0.000006969	1.57327	1.53E-02
7.0066E-06	1.56564	8.67E-03
7.0447E-06	1.56021	6.45E-03
7.0832E-06	1.55686	5.55E-03
7.1221E-06	1.55434	5.47E-03
7.1615E-06	1.55165	6.64E-03
7.2013E-06	1.54919	9.69E-03
7.2415E-06	1.54836	1.39E-02
7.2822E-06	1.54989	1.69E-02
7.3233E-06	1.55292	1.69E-02
7.3649E-06	1.5543	1.45E-02
0.000007407	1.55372	1.24E-02
7.4496E-06	1.55275	1.10E-02
7.4926E-06	1.55139	1.03E-02
7.5362E-06	1.55114	1.01E-02
7.5803E-06	1.55236	1.03E-02
7.6249E-06	1.55343	1.05E-02
0.00000767	1.55343	1.05E-02
7.7156E-06	1.55233	1.03E-02
7.7618E-06	1.55192	1.04E-02
7.8086E-06	1.55172	9.92E-03
7.8559E-06	1.54956	9.62E-03
7.9038E-06	1.54608	1.21E-02
7.9523E-06	1.54331	1.72E-02
8.0014E-06	1.542	2.36E-02
8.0511E-06	1.54343	2.89E-02
8.1014E-06	1.54802	3.14E-02
8.1524E-06	1.55321	2.98E-02
0.000008204	1.55586	2.57E-02
8.2562E-06	1.5564	2.09E-02
8.3091E-06	1.55559	1.71E-02
8.3628E-06	1.55301	1.49E-02
8.4171E-06	1.55099	1.44E-02
8.4721E-06	1.55104	1.45E-02
8.5278E-06	1.5515	1.38E-02
8.5843E-06	1.54998	1.45E-02
8.6415E-06	1.5499	1.55E-02
8.6995E-06	1.55147	1.35E-02
8.7583E-06	1.55161	1.06E-02
8.8179E-06	1.55022	1.00E-02
8.8783E-06	1.54766	1.07E-02
8.9395E-06	1.54586	1.15E-02
9.0016E-06	1.54482	1.22E-02
9.0645E-06	1.5419	1.28E-02
9.1284E-06	1.53896	1.48E-02
9.1931E-06	1.53765	1.90E-02
9.2588E-06	1.53795	2.50E-02
9.3254E-06	1.54121	3.06E-02
0.000009393	1.54636	3.18E-02
9.4615E-06	1.55001	3.11E-02
9.5311E-06	1.55209	3.06E-02
9.6017E-06	1.55102	3.11E-02
9.6733E-06	1.55269	3.54E-02
9.7461E-06	1.56222	3.54E-02
9.8199E-06	1.56781	2.62E-02
9.8949E-06	1.56524	1.93E-02
0.000009971	1.56224	1.66E-02
0.000010048	1.55968	1.41E-02
0.000010127	1.55747	1.32E-02
0.000010207	1.55574	1.37E-02
0.000010288	1.55526	1.47E-02
0.00001037	1.55465	1.44E-02
0.000010453	1.55306	1.23E-02
0.000010538	1.55192	1.15E-02
0.000010625	1.55098	1.21E-02
0.000010713	1.54956	1.19E-02
0.000010802	1.54717	1.27E-02
0.000010893	1.54469	1.62E-02
0.000010985	1.54702	2.04E-02
0.000011079	1.55262	1.96E-02
0.000011174	1.5539	1.33E-02
0.000011272	1.55142	8.86E-03
0.00001137	1.54911	8.35E-03
0.000011471	1.5451	8.18E-03
0.000011573	1.54091	8.04E-03
0.000011678	1.53725	9.07E-03
0.000011784	1.53594	1.13E-02
0.000011892	1.5369	1.16E-02
0.000012002	1.53612	9.75E-03
0.000012114	1.53241	8.56E-03
0.000012229	1.52903	7.48E-03
0.000012345	1.52404	6.54E-03
0.000012464	1.51713	8.22E-03
0.000012585	1.50745	1.04E-02
0.000012708	1.49456	1.47E-02
0.000012834	1.48175	2.89E-02
0.000012962	1.47675	5.72E-02
0.000013093	1.49226	8.91E-02
0.000013227	1.52708	1.05E-01
0.000013363	1.56176	9.07E-02
0.000013502	1.57437	5.66E-02
0.000013645	1.5576	2.82E-02
0.00001379	1.52389	1.77E-02
0.000013938	1.4675	2.17E-02
0.000014089	1.40602	1.32E-01
0.000014244	1.51292	3.22E-01
0.000014403	1.72776	2.90E-01
0.000014564	1.75952	9.05E-02
0.00001473	1.67295	1.67E-02
0.000014899	1.64037	1.73E-02
0.000015072	1.62211	1.28E-02
0.00001525	1.61111	1.18E-02
0.000015431	1.60119	1.06E-02
0.000015617	1.59346	1.13E-02
0.000015808	1.58726	1.22E-02
0.000016003	1.58261	1.42E-02
0.000016203	1.58041	1.54E-02
0.000016408	1.57934	1.67E-02
0.000016618	1.57655	1.86E-02
0.000016834	1.57118	1.89E-02
0.000017056	1.56573	1.82E-02
0.000017283	1.56074	2.27E-02
0.000017517	1.55877	3.08E-02
0.000017757	1.55947	3.77E-02
0.000018003	1.56334	4.45E-02
0.000018257	1.57361	5.70E-02
0.000018518	1.59413	6.37E-02
0.000018786	1.61088	4.86E-02
0.000019062	1.61181	2.73E-02
0.000019347	1.60843	1.87E-02
0.00001964	1.60549	1.93E-02
0.000019942	1.59856	1.65E-02
