0.00000200000	3.46986721760	0.00000004260
0.00000201000	3.46986718590	0.00000004330
0.00000202000	3.46986715400	0.00000004390
0.00000203000	3.46986712200	0.00000004460
0.00000204000	3.46986708980	0.00000004530
0.00000205000	3.46986705740	0.00000004600
0.00000206000	3.46986702480	0.00000004670
0.00000207000	3.46986699210	0.00000004740
0.00000208000	3.46986695920	0.00000004810
0.00000209000	3.46986692610	0.00000004880
0.00000210000	3.46986689290	0.00000004950
0.00000211000	3.46986685950	0.00000005030
0.00000212000	3.46986682590	0.00000005100
0.00000213000	3.46986679210	0.00000005180
0.00000214000	3.46986675810	0.00000005250
0.00000215000	3.46986672400	0.00000005330
0.00000216000	3.46986668970	0.00000005410
0.00000217000	3.46986665530	0.00000005480
0.00000218000	3.46986662060	0.00000005560
0.00000219000	3.46986658580	0.00000005640
0.00000220000	3.46986655080	0.00000005720
0.00000221000	3.46986651560	0.00000005800
0.00000222000	3.46986648030	0.00000005880
0.00000223000	3.46986644470	0.00000005970
0.00000224000	3.46986640900	0.00000006050
0.00000225000	3.46986637320	0.00000006140
0.00000226000	3.46986633710	0.00000006220
0.00000227000	3.46986630090	0.00000006310
0.00000228000	3.46986626450	0.00000006390
0.00000229000	3.46986622790	0.00000006480
0.00000230000	3.46986619110	0.00000006570
0.00000231000	3.46986615420	0.00000006660
0.00000232000	3.46986611710	0.00000006750
0.00000233000	3.46986607980	0.00000006840
0.00000234000	3.46986604230	0.00000006930
0.00000235000	3.46986600460	0.00000007020
0.00000236000	3.46986596680	0.00000007120
0.00000237000	3.46986592880	0.00000007210
0.00000238000	3.46986589060	0.00000007310
0.00000239000	3.46986585220	0.00000007400
0.00000240000	3.46986581360	0.00000007500
0.00000241000	3.46986577490	0.00000007600
0.00000242000	3.46986573600	0.00000007700
0.00000243000	3.46986569690	0.00000007800
0.00000244000	3.46986565760	0.00000007900
0.00000245000	3.46986561810	0.00000008000
0.00000246000	3.46986557850	0.00000008100
0.00000247000	3.46986553870	0.00000008200
0.00000248000	3.46986549860	0.00000008310
0.00000249000	3.46986545840	0.00000008410
0.00000250000	3.46986541810	0.00000008520
0.00000251000	3.46986537750	0.00000008630
0.00000252000	3.46986533680	0.00000008740
0.00000253000	3.46986529580	0.00000008840
0.00000254000	3.46986525470	0.00000008950
0.00000255000	3.46986521340	0.00000009070
0.00000256000	3.46986517190	0.00000009180
0.00000257000	3.46986513030	0.00000009290
0.00000258000	3.46986508840	0.00000009400
0.00000259000	3.46986504640	0.00000009520
0.00000260000	3.46986500410	0.00000009640
0.00000261000	3.46986496170	0.00000009750
0.00000262000	3.46986491910	0.00000009870
0.00000263000	3.46986487630	0.00000009990
0.00000264000	3.46986483340	0.00000010110
0.00000265000	3.46986479020	0.00000010230
0.00000266000	3.46986474690	0.00000010350
0.00000267000	3.46986470330	0.00000010480
0.00000268000	3.46986465960	0.00000010600
0.00000269000	3.46986461570	0.00000010720
0.00000270000	3.46986457160	0.00000010850
0.00000271000	3.46986452730	0.00000010980
0.00000272000	3.46986448280	0.00000011110
0.00000273000	3.46986443810	0.00000011240
0.00000274000	3.46986439330	0.00000011370
0.00000275000	3.46986434820	0.00000011500
0.00000276000	3.46986430300	0.00000011630
0.00000277000	3.46986425750	0.00000011760
0.00000278000	3.46986421190	0.00000011900
0.00000279000	3.46986416610	0.00000012040
0.00000280000	3.46986412010	0.00000012170
0.00000281000	3.46986407390	0.00000012310
0.00000282000	3.46986402750	0.00000012450
0.00000283000	3.46986398090	0.00000012590
0.00000284000	3.46986393410	0.00000012730
0.00000285000	3.46986388710	0.00000012870
0.00000286000	3.46986383990	0.00000013020
0.00000287000	3.46986379250	0.00000013160
0.00000288000	3.46986374500	0.00000013310
0.00000289000	3.46986369720	0.00000013460
0.00000290000	3.46986364930	0.00000013610
0.00000291000	3.46986360110	0.00000013760
0.00000292000	3.46986355280	0.00000013910
0.00000293000	3.46986350420	0.00000014060
0.00000294000	3.46986345550	0.00000014210
0.00000295000	3.46986340650	0.00000014370
0.00000296000	3.46986335740	0.00000014520
0.00000297000	3.46986330810	0.00000014680
0.00000298000	3.46986325850	0.00000014840
0.00000299000	3.46986320880	0.00000015000
0.00000300000	3.46986315890	0.00000015160
0.00000301000	3.46986310870	0.00000015320
0.00000302000	3.46986305840	0.00000015480
0.00000303000	3.46986300780	0.00000015650
0.00000304000	3.46986295710	0.00000015810
0.00000305000	3.46986290620	0.00000015980
0.00000306000	3.46986285500	0.00000016150
0.00000307000	3.46986280370	0.00000016320
0.00000308000	3.46986275220	0.00000016490
0.00000309000	3.46986270040	0.00000016660
0.00000310000	3.46986264850	0.00000016830
0.00000311000	3.46986259630	0.00000017010
0.00000312000	3.46986254390	0.00000017190
0.00000313000	3.46986249140	0.00000017360
0.00000314000	3.46986243860	0.00000017540
0.00000315000	3.46986238560	0.00000017720
0.00000316000	3.46986233250	0.00000017900
0.00000317000	3.46986227910	0.00000018090
0.00000318000	3.46986222550	0.00000018270
0.00000319000	3.46986217170	0.00000018460
0.00000320000	3.46986211770	0.00000018640
0.00000321000	3.46986206350	0.00000018830
0.00000322000	3.46986200910	0.00000019020
0.00000323000	3.46986195440	0.00000019210
0.00000324000	3.46986189960	0.00000019410
0.00000325000	3.46986184450	0.00000019600
0.00000326000	3.46986178930	0.00000019800
0.00000327000	3.46986173380	0.00000019990
0.00000328000	3.46986167810	0.00000020190
0.00000329000	3.46986162230	0.00000020390
0.00000330000	3.46986156620	0.00000020590
0.00000331000	3.46986150980	0.00000020790
0.00000332000	3.46986145330	0.00000021000
0.00000333000	3.46986139660	0.00000021200
0.00000334000	3.46986133960	0.00000021410
0.00000335000	3.46986128250	0.00000021620
0.00000336000	3.46986122510	0.00000021830
0.00000337000	3.46986116750	0.00000022040
0.00000338000	3.46986110970	0.00000022260
0.00000339000	3.46986105170	0.00000022470
0.00000340000	3.46986099340	0.00000022690
0.00000341000	3.46986093500	0.00000022900
0.00000342000	3.46986087630	0.00000023120
0.00000343000	3.46986081740	0.00000023340
0.00000344000	3.46986075830	0.00000023570
0.00000345000	3.46986069900	0.00000023790
0.00000346000	3.46986063940	0.00000024020
0.00000347000	3.46986057960	0.00000024240
0.00000348000	3.46986051970	0.00000024470
0.00000349000	3.46986045950	0.00000024700
0.00000350000	3.46986039900	0.00000024940
0.00000351000	3.46986033840	0.00000025170
0.00000352000	3.46986027750	0.00000025410
0.00000353000	3.46986021640	0.00000025640
0.00000354000	3.46986015510	0.00000025880
0.00000355000	3.46986009360	0.00000026120
0.00000356000	3.46986003180	0.00000026360
0.00000357000	3.46985996980	0.00000026610
0.00000358000	3.46985990760	0.00000026850
0.00000359000	3.46985984520	0.00000027100
0.00000360000	3.46985978250	0.00000027350
0.00000361000	3.46985971960	0.00000027600
0.00000362000	3.46985965650	0.00000027850
0.00000363000	3.46985959320	0.00000028110
0.00000364000	3.46985952960	0.00000028360
0.00000365000	3.46985946580	0.00000028620
0.00000366000	3.46985940180	0.00000028880
0.00000367000	3.46985933750	0.00000029140
0.00000368000	3.46985927300	0.00000029410
0.00000369000	3.46985920830	0.00000029670
0.00000370000	3.46985914340	0.00000029940
0.00000371000	3.46985907820	0.00000030210
0.00000372000	3.46985901280	0.00000030480
0.00000373000	3.46985894710	0.00000030750
0.00000374000	3.46985888120	0.00000031020
0.00000375000	3.46985881510	0.00000031300
0.00000376000	3.46985874880	0.00000031580
0.00000377000	3.46985868220	0.00000031860
0.00000378000	3.46985861540	0.00000032140
0.00000379000	3.46985854830	0.00000032420
0.00000380000	3.46985848100	0.00000032710
0.00000381000	3.46985841350	0.00000032990
0.00000382000	3.46985834580	0.00000033280
0.00000383000	3.46985827780	0.00000033570
0.00000384000	3.46985820950	0.00000033870
0.00000385000	3.46985814100	0.00000034160
0.00000386000	3.46985807230	0.00000034460
0.00000387000	3.46985800330	0.00000034760
0.00000388000	3.46985793410	0.00000035060
0.00000389000	3.46985786470	0.00000035360
0.00000390000	3.46985779500	0.00000035670
0.00000391000	3.46985772510	0.00000035970
0.00000392000	3.46985765490	0.00000036280
0.00000393000	3.46985758450	0.00000036590
0.00000394000	3.46985751380	0.00000036910
0.00000395000	3.46985744290	0.00000037220
0.00000396000	3.46985737170	0.00000037540
0.00000397000	3.46985730030	0.00000037860
0.00000398000	3.46985722870	0.00000038180
0.00000399000	3.46985715680	0.00000038510
0.00000400000	3.46985708460	0.00000038830
0.00000401000	3.46985701220	0.00000039160
0.00000402000	3.46985693960	0.00000039490
0.00000403000	3.46985686670	0.00000039820
0.00000404000	3.46985679350	0.00000040160
0.00000405000	3.46985672010	0.00000040490
0.00000406000	3.46985664650	0.00000040830
0.00000407000	3.46985657260	0.00000041170
0.00000408000	3.46985649840	0.00000041520
0.00000409000	3.46985642400	0.00000041860
0.00000410000	3.46985634930	0.00000042210
0.00000411000	3.46985627440	0.00000042560
0.00000412000	3.46985619920	0.00000042910
0.00000413000	3.46985612370	0.00000043270
0.00000414000	3.46985604800	0.00000043620
0.00000415000	3.46985597210	0.00000043980
0.00000416000	3.46985589590	0.00000044340
0.00000417000	3.46985581940	0.00000044710
0.00000418000	3.46985574260	0.00000045080
0.00000419000	3.46985566560	0.00000045440
0.00000420000	3.46985558840	0.00000045820
0.00000421000	3.46985551080	0.00000046190
0.00000422000	3.46985543300	0.00000046560
0.00000423000	3.46985535500	0.00000046940
0.00000424000	3.46985527660	0.00000047320
0.00000425000	3.46985519810	0.00000047710
0.00000426000	3.46985511920	0.00000048090
0.00000427000	3.46985504010	0.00000048480
0.00000428000	3.46985496070	0.00000048870
0.00000429000	3.46985488100	0.00000049260
0.00000430000	3.46985480110	0.00000049660
0.00000431000	3.46985472090	0.00000050060
0.00000432000	3.46985464040	0.00000050460
0.00000433000	3.46985455960	0.00000050860
0.00000434000	3.46985447860	0.00000051270
0.00000435000	3.46985439730	0.00000051680
0.00000436000	3.46985431580	0.00000052090
0.00000437000	3.46985423390	0.00000052500
0.00000438000	3.46985415180	0.00000052920
0.00000439000	3.46985406940	0.00000053340
0.00000440000	3.46985398670	0.00000053760
0.00000441000	3.46985390380	0.00000054180
0.00000442000	3.46985382050	0.00000054610
0.00000443000	3.46985373700	0.00000055040
0.00000444000	3.46985365320	0.00000055470
0.00000445000	3.46985356910	0.00000055910
0.00000446000	3.46985348480	0.00000056350
0.00000447000	3.46985340010	0.00000056790
0.00000448000	3.46985331520	0.00000057230
0.00000449000	3.46985323000	0.00000057680
0.00000450000	3.46985314450	0.00000058120
0.00000451000	3.46985305870	0.00000058580
0.00000452000	3.46985297260	0.00000059030
0.00000453000	3.46985288620	0.00000059490
0.00000454000	3.46985279960	0.00000059950
0.00000455000	3.46985271260	0.00000060410
0.00000456000	3.46985262540	0.00000060880
0.00000457000	3.46985253790	0.00000061350
0.00000458000	3.46985245010	0.00000061820
0.00000459000	3.46985236190	0.00000062300
0.00000460000	3.46985227350	0.00000062770
0.00000461000	3.46985218480	0.00000063260
0.00000462000	3.46985209580	0.00000063740
0.00000463000	3.46985200650	0.00000064230
0.00000464000	3.46985191690	0.00000064720
0.00000465000	3.46985182700	0.00000065210
0.00000466000	3.46985173680	0.00000065710
0.00000467000	3.46985164630	0.00000066210
0.00000468000	3.46985155550	0.00000066710
0.00000469000	3.46985146440	0.00000067220
0.00000470000	3.46985137290	0.00000067730
0.00000471000	3.46985128120	0.00000068240
0.00000472000	3.46985118920	0.00000068750
0.00000473000	3.46985109680	0.00000069270
0.00000474000	3.46985100420	0.00000069790
0.00000475000	3.46985091120	0.00000070320
0.00000476000	3.46985081800	0.00000070850
0.00000477000	3.46985072440	0.00000071380
0.00000478000	3.46985063050	0.00000071910
0.00000479000	3.46985053630	0.00000072450
0.00000480000	3.46985044180	0.00000072990
0.00000481000	3.46985034690	0.00000073540
0.00000482000	3.46985025180	0.00000074090
0.00000483000	3.46985015630	0.00000074640
0.00000484000	3.46985006050	0.00000075200
0.00000485000	3.46984996440	0.00000075760
0.00000486000	3.46984986800	0.00000076320
0.00000487000	3.46984977120	0.00000076880
0.00000488000	3.46984967410	0.00000077450
0.00000489000	3.46984957670	0.00000078030
0.00000490000	3.46984947900	0.00000078600
0.00000491000	3.46984938100	0.00000079180
0.00000492000	3.46984928260	0.00000079770
0.00000493000	3.46984918390	0.00000080350
0.00000494000	3.46984908480	0.00000080940
0.00000495000	3.46984898550	0.00000081540
0.00000496000	3.46984888570	0.00000082140
0.00000497000	3.46984878570	0.00000082740
0.00000498000	3.46984868530	0.00000083350
0.00000499000	3.46984858460	0.00000083960
0.00000500000	3.46984848360	0.00000084570
0.00000501000	3.46984838220	0.00000085190
0.00000502000	3.46984828050	0.00000085810
0.00000503000	3.46984817840	0.00000086430
0.00000504000	3.46984807600	0.00000087060
0.00000505000	3.46984797320	0.00000087690
0.00000506000	3.46984787010	0.00000088330
0.00000507000	3.46984776670	0.00000088970
0.00000508000	3.46984766290	0.00000089620
0.00000509000	3.46984755880	0.00000090260
0.00000510000	3.46984745430	0.00000090920
0.00000511000	3.46984734940	0.00000091570
0.00000512000	3.46984724420	0.00000092230
0.00000513000	3.46984713870	0.00000092900
0.00000514000	3.46984703280	0.00000093570
0.00000515000	3.46984692650	0.00000094240
0.00000516000	3.46984681990	0.00000094920
0.00000517000	3.46984671300	0.00000095600
0.00000518000	3.46984660560	0.00000096290
0.00000519000	3.46984649790	0.00000096980
0.00000520000	3.46984638990	0.00000097670
0.00000521000	3.46984628150	0.00000098370
0.00000522000	3.46984617270	0.00000099070
0.00000523000	3.46984606350	0.00000099780
0.00000524000	3.46984595400	0.00000100490
0.00000525000	3.46984584410	0.00000101210
0.00000526000	3.46984573390	0.00000101930
0.00000527000	3.46984562320	0.00000102650
0.00000528000	3.46984551220	0.00000103380
0.00000529000	3.46984540080	0.00000104120
0.00000530000	3.46984528910	0.00000104860
0.00000531000	3.46984517690	0.00000105600
0.00000532000	3.46984506440	0.00000106350
0.00000533000	3.46984495150	0.00000107100
0.00000534000	3.46984483820	0.00000107860
0.00000535000	3.46984472450	0.00000108620
0.00000536000	3.46984461050	0.00000109390
0.00000537000	3.46984449600	0.00000110160
0.00000538000	3.46984438120	0.00000110930
0.00000539000	3.46984426600	0.00000111720
0.00000540000	3.46984415040	0.00000112500
0.00000541000	3.46984403440	0.00000113290
0.00000542000	3.46984391800	0.00000114090
0.00000543000	3.46984380120	0.00000114890
0.00000544000	3.46984368400	0.00000115700
0.00000545000	3.46984356630	0.00000116510
0.00000546000	3.46984344830	0.00000117320
0.00000547000	3.46984332990	0.00000118150
0.00000548000	3.46984321110	0.00000118970
0.00000549000	3.46984309190	0.00000119800
0.00000550000	3.46984297230	0.00000120640
0.00000551000	3.46984285220	0.00000121480
0.00000552000	3.46984273180	0.00000122330
0.00000553000	3.46984261090	0.00000123180
0.00000554000	3.46984248960	0.00000124040
0.00000555000	3.46984236790	0.00000124910
0.00000556000	3.46984224580	0.00000125770
0.00000557000	3.46984212330	0.00000126650
0.00000558000	3.46984200030	0.00000127530
0.00000559000	3.46984187690	0.00000128410
0.00000560000	3.46984175310	0.00000129310
0.00000561000	3.46984162890	0.00000130200
0.00000562000	3.46984150420	0.00000131100
0.00000563000	3.46984137910	0.00000132010
0.00000564000	3.46984125350	0.00000132930
0.00000565000	3.46984112750	0.00000133850
0.00000566000	3.46984100110	0.00000134770
0.00000567000	3.46984087430	0.00000135700
0.00000568000	3.46984074700	0.00000136640
0.00000569000	3.46984061920	0.00000137580
0.00000570000	3.46984049100	0.00000138530
0.00000571000	3.46984036240	0.00000139490
0.00000572000	3.46984023330	0.00000140450
0.00000573000	3.46984010380	0.00000141420
0.00000574000	3.46983997380	0.00000142390
0.00000575000	3.46983984330	0.00000143370
0.00000576000	3.46983971240	0.00000144360
0.00000577000	3.46983958110	0.00000145350
0.00000578000	3.46983944920	0.00000146350
0.00000579000	3.46983931690	0.00000147350
0.00000580000	3.46983918420	0.00000148360
0.00000581000	3.46983905090	0.00000149380
0.00000582000	3.46983891720	0.00000150410
0.00000583000	3.46983878300	0.00000151440
0.00000584000	3.46983864840	0.00000152470
0.00000585000	3.46983851330	0.00000153520
0.00000586000	3.46983837760	0.00000154570
0.00000587000	3.46983824150	0.00000155630
0.00000588000	3.46983810500	0.00000156690
0.00000589000	3.46983796790	0.00000157760
0.00000590000	3.46983783030	0.00000158840
0.00000591000	3.46983769230	0.00000159930
0.00000592000	3.46983755370	0.00000161020
0.00000593000	3.46983741470	0.00000162120
0.00000594000	3.46983727510	0.00000163230
0.00000595000	3.46983713510	0.00000164340
0.00000596000	3.46983699450	0.00000165460
0.00000597000	3.46983685350	0.00000166590
0.00000598000	3.46983671190	0.00000167730
0.00000599000	3.46983656980	0.00000168870
0.00000600000	3.46983642720	0.00000170020
0.00000601000	3.46983628410	0.00000171180
0.00000602000	3.46983614050	0.00000172340
0.00000603000	3.46983599630	0.00000173520
0.00000604000	3.46983585160	0.00000174700
0.00000605000	3.46983570640	0.00000175890
0.00000606000	3.46983556070	0.00000177080
0.00000607000	3.46983541440	0.00000178290
0.00000608000	3.46983526760	0.00000179500
0.00000609000	3.46983512020	0.00000180720
0.00000610000	3.46983497230	0.00000181950
0.00000611000	3.46983482390	0.00000183180
0.00000612000	3.46983467490	0.00000184430
0.00000613000	3.46983452540	0.00000185680
0.00000614000	3.46983437530	0.00000186940
0.00000615000	3.46983422460	0.00000188210
0.00000616000	3.46983407340	0.00000189490
0.00000617000	3.46983392160	0.00000190780
0.00000618000	3.46983376930	0.00000192070
0.00000619000	3.46983361640	0.00000193380
0.00000620000	3.46983346290	0.00000194690
0.00000621000	3.46983330880	0.00000196010
0.00000622000	3.46983315420	0.00000197340
0.00000623000	3.46983299890	0.00000198680
0.00000624000	3.46983284310	0.00000200030
0.00000625000	3.46983268670	0.00000201380
0.00000626000	3.46983252970	0.00000202750
0.00000627000	3.46983237210	0.00000204130
0.00000628000	3.46983221400	0.00000205510
0.00000629000	3.46983205520	0.00000206910
0.00000630000	3.46983189580	0.00000208310
0.00000631000	3.46983173580	0.00000209720
0.00000632000	3.46983157510	0.00000211150
0.00000633000	3.46983141390	0.00000212580
0.00000634000	3.46983125200	0.00000214020
0.00000635000	3.46983108950	0.00000215470
0.00000636000	3.46983092640	0.00000216940
0.00000637000	3.46983076270	0.00000218410
0.00000638000	3.46983059830	0.00000219890
0.00000639000	3.46983043330	0.00000221380
0.00000640000	3.46983026760	0.00000222890
0.00000641000	3.46983010130	0.00000224400
0.00000642000	3.46982993430	0.00000225920
0.00000643000	3.46982976670	0.00000227460
0.00000644000	3.46982959840	0.00000229000
0.00000645000	3.46982942950	0.00000230560
0.00000646000	3.46982925990	0.00000232130
0.00000647000	3.46982908960	0.00000233700
0.00000648000	3.46982891860	0.00000235290
0.00000649000	3.46982874700	0.00000236890
0.00000650000	3.46982857470	0.00000238500
0.00000651000	3.46982840170	0.00000240130
0.00000652000	3.46982822800	0.00000241760
0.00000653000	3.46982805350	0.00000243410
0.00000654000	3.46982787840	0.00000245060
0.00000655000	3.46982770260	0.00000246730
0.00000656000	3.46982752610	0.00000248410
0.00000657000	3.46982734880	0.00000250110
0.00000658000	3.46982717080	0.00000251810
0.00000659000	3.46982699210	0.00000253530
0.00000660000	3.46982681270	0.00000255260
0.00000661000	3.46982663250	0.00000257000
0.00000662000	3.46982645160	0.00000258760
0.00000663000	3.46982627000	0.00000260520
0.00000664000	3.46982608760	0.00000262300
0.00000665000	3.46982590440	0.00000264100
0.00000666000	3.46982572050	0.00000265900
0.00000667000	3.46982553580	0.00000267720
0.00000668000	3.46982535030	0.00000269560
0.00000669000	3.46982516400	0.00000271400
0.00000670000	3.46982497700	0.00000273260
0.00000671000	3.46982478920	0.00000275140
0.00000672000	3.46982460050	0.00000277020
0.00000673000	3.46982441110	0.00000278930
0.00000674000	3.46982422090	0.00000280840
0.00000675000	3.46982402980	0.00000282770
0.00000676000	3.46982383790	0.00000284720
0.00000677000	3.46982364520	0.00000286670
0.00000678000	3.46982345170	0.00000288650
0.00000679000	3.46982325730	0.00000290640
0.00000680000	3.46982306210	0.00000292640
0.00000681000	3.46982286610	0.00000294660
0.00000682000	3.46982266910	0.00000296690
0.00000683000	3.46982247140	0.00000298740
0.00000684000	3.46982227270	0.00000300810
0.00000685000	3.46982207320	0.00000302890
0.00000686000	3.46982187270	0.00000304990
0.00000687000	3.46982167140	0.00000307100
0.00000688000	3.46982146920	0.00000309230
0.00000689000	3.46982126610	0.00000311380
0.00000690000	3.46982106200	0.00000313540
0.00000691000	3.46982085710	0.00000315720
0.00000692000	3.46982065120	0.00000317910
0.00000693000	3.46982044440	0.00000320130
0.00000694000	3.46982023660	0.00000322360
0.00000695000	3.46982002790	0.00000324610
0.00000696000	3.46981981820	0.00000326880
0.00000697000	3.46981960750	0.00000329160
0.00000698000	3.46981939590	0.00000331460
0.00000699000	3.46981918330	0.00000333790
0.00000700000	3.46981896970	0.00000336130
0.00000701000	3.46981875500	0.00000338490
0.00000702000	3.46981853940	0.00000340860
0.00000703000	3.46981832280	0.00000343260
0.00000704000	3.46981810510	0.00000345680
0.00000705000	3.46981788640	0.00000348120
0.00000706000	3.46981766660	0.00000350570
0.00000707000	3.46981744580	0.00000353050
0.00000708000	3.46981722390	0.00000355550
0.00000709000	3.46981700090	0.00000358070
0.00000710000	3.46981677690	0.00000360610
0.00000711000	3.46981655170	0.00000363170
0.00000712000	3.46981632550	0.00000365750
0.00000713000	3.46981609810	0.00000368350
0.00000714000	3.46981586960	0.00000370980
0.00000715000	3.46981563990	0.00000373630
0.00000716000	3.46981540910	0.00000376300
0.00000717000	3.46981517720	0.00000378990
0.00000718000	3.46981494400	0.00000381710
0.00000719000	3.46981470970	0.00000384450
0.00000720000	3.46981447420	0.00000387220
0.00000721000	3.46981423750	0.00000390010
0.00000722000	3.46981399950	0.00000392820
0.00000723000	3.46981376030	0.00000395660
0.00000724000	3.46981351990	0.00000398520
0.00000725000	3.46981327820	0.00000401410
0.00000726000	3.46981303520	0.00000404320
0.00000727000	3.46981279100	0.00000407260
0.00000728000	3.46981254540	0.00000410230
0.00000729000	3.46981229860	0.00000413230
0.00000730000	3.46981205040	0.00000416250
0.00000731000	3.46981180080	0.00000419300
0.00000732000	3.46981154990	0.00000422370
0.00000733000	3.46981129760	0.00000425480
0.00000734000	3.46981104400	0.00000428620
0.00000735000	3.46981078890	0.00000431780
0.00000736000	3.46981053240	0.00000434970
0.00000737000	3.46981027450	0.00000438200
0.00000738000	3.46981001510	0.00000441450
0.00000739000	3.46980975420	0.00000444740
0.00000740000	3.46980949190	0.00000448060
0.00000741000	3.46980922800	0.00000451410
0.00000742000	3.46980896270	0.00000454790
0.00000743000	3.46980869580	0.00000458200
0.00000744000	3.46980842730	0.00000461650
0.00000745000	3.46980815720	0.00000465130
0.00000746000	3.46980788560	0.00000468650
0.00000747000	3.46980761230	0.00000472210
0.00000748000	3.46980733740	0.00000475790
0.00000749000	3.46980706080	0.00000479420
0.00000750000	3.46980678250	0.00000483080
0.00000751000	3.46980650250	0.00000486780
0.00000752000	3.46980622080	0.00000490520
0.00000753000	3.46980593740	0.00000494300
0.00000754000	3.46980565220	0.00000498120
0.00000755000	3.46980536510	0.00000501970
0.00000756000	3.46980507630	0.00000505870
0.00000757000	3.46980478560	0.00000509810
0.00000758000	3.46980449300	0.00000513790
0.00000759000	3.46980419860	0.00000517820
0.00000760000	3.46980390220	0.00000521890
0.00000761000	3.46980360380	0.00000526010
0.00000762000	3.46980330350	0.00000530170
0.00000763000	3.46980300110	0.00000534380
0.00000764000	3.46980269670	0.00000538630
0.00000765000	3.46980239020	0.00000542940
0.00000766000	3.46980208170	0.00000547290
0.00000767000	3.46980177100	0.00000551690
0.00000768000	3.46980145810	0.00000556150
0.00000769000	3.46980114300	0.00000560660
0.00000770000	3.46980082570	0.00000565220
0.00000771000	3.46980050610	0.00000569830
0.00000772000	3.46980018420	0.00000574510
0.00000773000	3.46979985990	0.00000579240
0.00000774000	3.46979953330	0.00000584020
0.00000775000	3.46979920420	0.00000588870
0.00000776000	3.46979887270	0.00000593780
0.00000777000	3.46979853870	0.00000598750
0.00000778000	3.46979820210	0.00000603780
0.00000779000	3.46979786290	0.00000608880
0.00000780000	3.46979752100	0.00000614050
0.00000781000	3.46979717650	0.00000619280
0.00000782000	3.46979682930	0.00000624580
0.00000783000	3.46979647920	0.00000629960
0.00000784000	3.46979612630	0.00000635400
0.00000785000	3.46979577060	0.00000640930
0.00000786000	3.46979541190	0.00000646520
0.00000787000	3.46979505020	0.00000652200
0.00000788000	3.46979468540	0.00000657960
0.00000789000	3.46979431750	0.00000663800
0.00000790000	3.46979394640	0.00000669730
0.00000791000	3.46979357210	0.00000675740
0.00000792000	3.46979319450	0.00000681840
0.00000793000	3.46979281350	0.00000688040
0.00000794000	3.46979242910	0.00000694330
0.00000795000	3.46979204110	0.00000700710
0.00000796000	3.46979164960	0.00000707200
0.00000797000	3.46979125440	0.00000713790
0.00000798000	3.46979085540	0.00000720480
0.00000799000	3.46979045260	0.00000727290
0.00000800000	3.46979004590	0.00000734200
0.00000801000	3.46978963520	0.00000741230
0.00000802000	3.46978922040	0.00000748380
0.00000803000	3.46978880150	0.00000755660
0.00000804000	3.46978837820	0.00000763060
0.00000805000	3.46978795050	0.00000770590
0.00000806000	3.46978751840	0.00000778250
0.00000807000	3.46978708170	0.00000786060
0.00000808000	3.46978664020	0.00000794000
0.00000809000	3.46978619390	0.00000802100
0.00000810000	3.46978574270	0.00000810350
0.00000811000	3.46978528630	0.00000818770
0.00000812000	3.46978482480	0.00000827340
0.00000813000	3.46978435790	0.00000836090
0.00000814000	3.46978388550	0.00000845020
0.00000815000	3.46978340750	0.00000854130
0.00000816000	3.46978292370	0.00000863430
0.00000817000	3.46978243390	0.00000872930
0.00000818000	3.46978193800	0.00000882630
0.00000819000	3.46978143580	0.00000892550
0.00000820000	3.46978092710	0.00000902700
0.00000821000	3.46978041180	0.00000913070
0.00000822000	3.46977988950	0.00000923690
0.00000823000	3.46977936020	0.00000934560
0.00000824000	3.46977882370	0.00000945690
0.00000825000	3.46977827960	0.00000957100
0.00000826000	3.46977772770	0.00000968790
0.00000827000	3.46977716780	0.00000980780
0.00000828000	3.46977659970	0.00000993090
0.00000829000	3.46977602300	0.00001005720
0.00000830000	3.46977543750	0.00001018700
0.00000831000	3.46977484290	0.00001032040
0.00000832000	3.46977423880	0.00001045750
0.00000833000	3.46977362500	0.00001059860
0.00000834000	3.46977300110	0.00001074390
0.00000835000	3.46977236670	0.00001089350
0.00000836000	3.46977172150	0.00001104780
0.00000837000	3.46977106490	0.00001120690
0.00000838000	3.46977039680	0.00001137110
0.00000839000	3.46976971640	0.00001154080
0.00000840000	3.46976902350	0.00001171610
0.00000841000	3.46976831750	0.00001189750
0.00000842000	3.46976759780	0.00001208530
0.00000843000	3.46976686400	0.00001227980
0.00000844000	3.46976611550	0.00001248150
0.00000845000	3.46976535150	0.00001269090
0.00000846000	3.46976457150	0.00001290830
0.00000847000	3.46976377480	0.00001313440
0.00000848000	3.46976296070	0.00001336960
0.00000849000	3.46976212830	0.00001361460
0.00000850000	3.46976127680	0.00001387010
0.00000851000	3.46976040540	0.00001413680
0.00000852000	3.46975951310	0.00001441540
0.00000853000	3.46975859900	0.00001470680
0.00000854000	3.46975766190	0.00001501200
0.00000855000	3.46975670090	0.00001533210
0.00000856000	3.46975571460	0.00001566800
0.00000857000	3.46975470180	0.00001602110
0.00000858000	3.46975366120	0.00001639280
0.00000859000	3.46975259130	0.00001678450
0.00000860000	3.46975149060	0.00001719790
0.00000861000	3.46975035750	0.00001763480
0.00000862000	3.46974919020	0.00001809730
0.00000863000	3.46974798680	0.00001858770
0.00000864000	3.46974674540	0.00001910840
0.00000865000	3.46974546390	0.00001966230
0.00000866000	3.46974414000	0.00002025250
0.00000867000	3.46974277130	0.00002088250
0.00000868000	3.46974135530	0.00002155630
0.00000869000	3.46973988930	0.00002227820
0.00000870000	3.46973837060	0.00002305330
0.00000871000	3.46973679600	0.00002388730
0.00000872000	3.46973516240	0.00002478640
0.00000873000	3.46973346670	0.00002575790
0.00000874000	3.46973170540	0.00002681010
0.00000875000	3.46972987510	0.00002795240
0.00000876000	3.46972797230	0.00002919540
0.00000877000	3.46972599370	0.00003055150
0.00000878000	3.46972393600	0.00003203480
0.00000879000	3.46972179620	0.00003366160
0.00000880000	3.46971957200	0.00003545050
0.00000881000	3.46971726180	0.00003742310
0.00000882000	3.46971486530	0.00003960450
0.00000883000	3.46971238370	0.00004202350
0.00000884000	3.46970982100	0.00004471360
0.00000885000	3.46970718460	0.00004771330
0.00000886000	3.46970448650	0.00005106730
0.00000887000	3.46970174570	0.00005482670
0.00000888000	3.46969899010	0.00005904970
0.00000889000	3.46969625970	0.00006380240
0.00000890000	3.46969361110	0.00006915760
0.00000891000	3.46969112270	0.00007519450
0.00000892000	3.46968890110	0.00008199530
0.00000893000	3.46968708940	0.00008963970
0.00000894000	3.46968587550	0.00009819530
0.00000895000	3.46968550020	0.00010770240
0.00000896000	3.46968626250	0.00011815110
0.00000897000	3.46968851660	0.00012944920
0.00000898000	3.46969265430	0.00014138410
0.00000899000	3.46969906470	0.00015358150
0.00000900000	3.46970806340	0.00016547800
0.00000901000	3.46971979450	0.00017632700
0.00000902000	3.46973412290	0.00018526340
0.00000903000	3.46975055890	0.00019143710
0.00000904000	3.46976826450	0.00019419390
0.00000905000	3.46978616770	0.00019324270
0.00000906000	3.46980316350	0.00018873590
0.00000907000	3.46981832640	0.00018122320
0.00000908000	3.46983105390	0.00017150390
0.00000909000	3.46984110260	0.00016044350
0.00000910000	3.46984853210	0.00014882470
0.00000911000	3.46985360430	0.00013726370
0.00000912000	3.46985668140	0.00012618940
0.00000913000	3.46985814800	0.00011586240
0.00000914000	3.46985836320	0.00010641250
0.00000915000	3.46985763670	0.00009787770
0.00000916000	3.46985622250	0.00009023720
0.00000917000	3.46985432190	0.00008343640
0.00000918000	3.46985208970	0.00007740370
0.00000919000	3.46984964310	0.00007206200
0.00000920000	3.46984706920	0.00006733500
0.00000921000	3.46984443190	0.00006315100
0.00000922000	3.46984177720	0.00005944450
0.00000923000	3.46983913790	0.00005615710
0.00000924000	3.46983653680	0.00005323720
0.00000925000	3.46983398920	0.00005063940
0.00000926000	3.46983150510	0.00004832460
0.00000927000	3.46982909060	0.00004625830
0.00000928000	3.46982674870	0.00004441110
0.00000929000	3.46982448050	0.00004275720
0.00000930000	3.46982228560	0.00004127440
0.00000931000	3.46982016260	0.00003994320
0.00000932000	3.46981810940	0.00003874710
0.00000933000	3.46981612330	0.00003767130
0.00000934000	3.46981420170	0.00003670310
0.00000935000	3.46981234140	0.00003583140
0.00000936000	3.46981053950	0.00003504640
0.00000937000	3.46980879290	0.00003433960
0.00000938000	3.46980709870	0.00003370350
0.00000939000	3.46980545400	0.00003313140
0.00000940000	3.46980385600	0.00003261750
0.00000941000	3.46980230210	0.00003215660
0.00000942000	3.46980078960	0.00003174410
0.00000943000	3.46979931630	0.00003137600
0.00000944000	3.46979787990	0.00003104850
0.00000945000	3.46979647820	0.00003075850
0.00000946000	3.46979510920	0.00003050310
0.00000947000	3.46979377100	0.00003027960
0.00000948000	3.46979246180	0.00003008570
0.00000949000	3.46979117990	0.00002991930
0.00000950000	3.46978992380	0.00002977860
0.00000951000	3.46978869180	0.00002966180
0.00000952000	3.46978748280	0.00002956740
0.00000953000	3.46978629520	0.00002949410
0.00000954000	3.46978512800	0.00002944060
0.00000955000	3.46978397980	0.00002940570
0.00000956000	3.46978284970	0.00002938840
0.00000957000	3.46978173660	0.00002938780
0.00000958000	3.46978063950	0.00002940310
0.00000959000	3.46977955750	0.00002943350
0.00000960000	3.46977848970	0.00002947820
0.00000961000	3.46977743530	0.00002953680
0.00000962000	3.46977639360	0.00002960850
0.00000963000	3.46977536380	0.00002969280
0.00000964000	3.46977434520	0.00002978940
0.00000965000	3.46977333720	0.00002989780
0.00000966000	3.46977233910	0.00003001750
0.00000967000	3.46977135050	0.00003014820
0.00000968000	3.46977037060	0.00003028970
0.00000969000	3.46976939910	0.00003044150
0.00000970000	3.46976843540	0.00003060350
0.00000971000	3.46976747900	0.00003077550
0.00000972000	3.46976652950	0.00003095720
0.00000973000	3.46976558650	0.00003114840
0.00000974000	3.46976464950	0.00003134900
0.00000975000	3.46976371820	0.00003155880
0.00000976000	3.46976279230	0.00003177780
0.00000977000	3.46976187130	0.00003200570
0.00000978000	3.46976095500	0.00003224250
0.00000979000	3.46976004300	0.00003248820
0.00000980000	3.46975913510	0.00003274260
0.00000981000	3.46975823090	0.00003300580
0.00000982000	3.46975733020	0.00003327760
0.00000983000	3.46975643280	0.00003355810
0.00000984000	3.46975553830	0.00003384720
0.00000985000	3.46975464660	0.00003414500
0.00000986000	3.46975375740	0.00003445140
0.00000987000	3.46975287060	0.00003476650
0.00000988000	3.46975198590	0.00003509030
0.00000989000	3.46975110320	0.00003542280
0.00000990000	3.46975022220	0.00003576410
0.00000991000	3.46974934290	0.00003611430
0.00000992000	3.46974846500	0.00003647330
0.00000993000	3.46974758840	0.00003684130
0.00000994000	3.46974671290	0.00003721840
0.00000995000	3.46974583850	0.00003760450
0.00000996000	3.46974496500	0.00003800000
0.00000997000	3.46974409230	0.00003840470
0.00000998000	3.46974322020	0.00003881890
0.00000999000	3.46974234880	0.00003924260
0.00001000000	3.46974147780	0.00003967600
0.00001001000	3.46974060720	0.00004011930
0.00001002000	3.46973973700	0.00004057240
0.00001003000	3.46973886700	0.00004103570
0.00001004000	3.46973799720	0.00004150920
0.00001005000	3.46973712750	0.00004199310
0.00001006000	3.46973625800	0.00004248760
0.00001007000	3.46973538850	0.00004299280
0.00001008000	3.46973451910	0.00004350890
0.00001009000	3.46973364960	0.00004403610
0.00001010000	3.46973278020	0.00004457450
0.00001011000	3.46973191080	0.00004512450
0.00001012000	3.46973104140	0.00004568610
0.00001013000	3.46973017190	0.00004625960
0.00001014000	3.46972930250	0.00004684530
0.00001015000	3.46972843320	0.00004744320
0.00001016000	3.46972756400	0.00004805370
0.00001017000	3.46972669490	0.00004867700
0.00001018000	3.46972582610	0.00004931330
0.00001019000	3.46972495750	0.00004996290
0.00001020000	3.46972408930	0.00005062600
0.00001021000	3.46972322150	0.00005130290
0.00001022000	3.46972235420	0.00005199380
0.00001023000	3.46972148770	0.00005269910
0.00001024000	3.46972062190	0.00005341900
0.00001025000	3.46971975700	0.00005415370
0.00001026000	3.46971889320	0.00005490370
0.00001027000	3.46971803060	0.00005566910
0.00001028000	3.46971716950	0.00005645020
0.00001029000	3.46971630990	0.00005724750
0.00001030000	3.46971545210	0.00005806110
0.00001031000	3.46971459640	0.00005889140
0.00001032000	3.46971374290	0.00005973880
0.00001033000	3.46971289190	0.00006060350
0.00001034000	3.46971204370	0.00006148580
0.00001035000	3.46971119860	0.00006238620
0.00001036000	3.46971035690	0.00006330490
0.00001037000	3.46970951880	0.00006424230
0.00001038000	3.46970868480	0.00006519880
0.00001039000	3.46970785520	0.00006617460
0.00001040000	3.46970703050	0.00006717010
0.00001041000	3.46970621090	0.00006818560
0.00001042000	3.46970539700	0.00006922160
0.00001043000	3.46970458910	0.00007027840
0.00001044000	3.46970378790	0.00007135620
0.00001045000	3.46970299380	0.00007245560
0.00001046000	3.46970220730	0.00007357670
0.00001047000	3.46970142900	0.00007471990
0.00001048000	3.46970065940	0.00007588560
0.00001049000	3.46969989930	0.00007707410
0.00001050000	3.46969914920	0.00007828570
0.00001051000	3.46969840990	0.00007952070
0.00001052000	3.46969768200	0.00008077950
0.00001053000	3.46969696640	0.00008206230
0.00001054000	3.46969626370	0.00008336930
0.00001055000	3.46969557480	0.00008470100
0.00001056000	3.46969490050	0.00008605740
0.00001057000	3.46969424180	0.00008743890
0.00001058000	3.46969359950	0.00008884560
0.00001059000	3.46969297470	0.00009027770
0.00001060000	3.46969236820	0.00009173540
0.00001061000	3.46969178130	0.00009321880
0.00001062000	3.46969121480	0.00009472800
0.00001063000	3.46969067000	0.00009626300
0.00001064000	3.46969014800	0.00009782400
0.00001065000	3.46968965000	0.00009941080
0.00001066000	3.46968917720	0.00010102340
0.00001067000	3.46968873090	0.00010266180
0.00001068000	3.46968831230	0.00010432570
0.00001069000	3.46968792300	0.00010601500
0.00001070000	3.46968756410	0.00010772930
0.00001071000	3.46968723710	0.00010946840
0.00001072000	3.46968694360	0.00011123190
0.00001073000	3.46968668480	0.00011301920
0.00001074000	3.46968646240	0.00011483000
0.00001075000	3.46968627790	0.00011666340
0.00001076000	3.46968613280	0.00011851890
0.00001077000	3.46968602870	0.00012039560
0.00001078000	3.46968596720	0.00012229280
0.00001079000	3.46968594980	0.00012420930
0.00001080000	3.46968597810	0.00012614410
0.00001081000	3.46968605390	0.00012809610
0.00001082000	3.46968617850	0.00013006390
0.00001083000	3.46968635370	0.00013204620
0.00001084000	3.46968658090	0.00013404140
0.00001085000	3.46968686180	0.00013604790
0.00001086000	3.46968719780	0.00013806400
0.00001087000	3.46968759030	0.00014008780
0.00001088000	3.46968804070	0.00014211730
0.00001089000	3.46968855050	0.00014415030
0.00001090000	3.46968912080	0.00014618480
0.00001091000	3.46968975280	0.00014821810
0.00001092000	3.46969044770	0.00015024800
0.00001093000	3.46969120640	0.00015227180
0.00001094000	3.46969202970	0.00015428670
0.00001095000	3.46969291850	0.00015629000
0.00001096000	3.46969387330	0.00015827860
0.00001097000	3.46969489470	0.00016024960
0.00001098000	3.46969598280	0.00016219970
0.00001099000	3.46969713790	0.00016412590
0.00001100000	3.46969835990	0.00016602480
0.00001101000	3.46969964850	0.00016789300
0.00001102000	3.46970100330	0.00016972720
0.00001103000	3.46970242370	0.00017152380
0.00001104000	3.46970390880	0.00017327950
0.00001105000	3.46970545760	0.00017499080
0.00001106000	3.46970706870	0.00017665410
0.00001107000	3.46970874060	0.00017826610
0.00001108000	3.46971047150	0.00017982340
0.00001109000	3.46971225950	0.00018132260
0.00001110000	3.46971410240	0.00018276050
0.00001111000	3.46971599750	0.00018413390
0.00001112000	3.46971794240	0.00018543980
0.00001113000	3.46971993410	0.00018667530
0.00001114000	3.46972196950	0.00018783770
0.00001115000	3.46972404540	0.00018892440
0.00001116000	3.46972615820	0.00018993300
0.00001117000	3.46972830430	0.00019086130
0.00001118000	3.46973047990	0.00019170750
0.00001119000	3.46973268110	0.00019246980
0.00001120000	3.46973490380	0.00019314680
0.00001121000	3.46973714390	0.00019373710
0.00001122000	3.46973939710	0.00019424000
0.00001123000	3.46974165910	0.00019465470
0.00001124000	3.46974392560	0.00019498070
0.00001125000	3.46974619220	0.00019521810
0.00001126000	3.46974845470	0.00019536680
0.00001127000	3.46975070860	0.00019542750
0.00001128000	3.46975294980	0.00019540070
0.00001129000	3.46975517400	0.00019528740
0.00001130000	3.46975737710	0.00019508880
0.00001131000	3.46975955520	0.00019480650
0.00001132000	3.46976170440	0.00019444190
0.00001133000	3.46976382100	0.00019399720
0.00001134000	3.46976590140	0.00019347440
0.00001135000	3.46976794220	0.00019287590
0.00001136000	3.46976994020	0.00019220400
0.00001137000	3.46977189250	0.00019146140
0.00001138000	3.46977379620	0.00019065100
0.00001139000	3.46977564870	0.00018977570
0.00001140000	3.46977744770	0.00018883830
0.00001141000	3.46977919090	0.00018784210
0.00001142000	3.46978087650	0.00018679020
0.00001143000	3.46978250270	0.00018568580
0.00001144000	3.46978406790	0.00018453220
0.00001145000	3.46978557100	0.00018333250
0.00001146000	3.46978701070	0.00018209020
0.00001147000	3.46978838620	0.00018080840
0.00001148000	3.46978969670	0.00017949040
0.00001149000	3.46979094190	0.00017813930
0.00001150000	3.46979212120	0.00017675840
0.00001151000	3.46979323470	0.00017535060
0.00001152000	3.46979428220	0.00017391910
0.00001153000	3.46979526400	0.00017246680
0.00001154000	3.46979618030	0.00017099640
0.00001155000	3.46979703150	0.00016951080
0.00001156000	3.46979781830	0.00016801270
0.00001157000	3.46979854120	0.00016650460
0.00001158000	3.46979920110	0.00016498900
0.00001159000	3.46979979870	0.00016346830
0.00001160000	3.46980033510	0.00016194470
0.00001161000	3.46980081120	0.00016042030
0.00001162000	3.46980122820	0.00015889720
0.00001163000	3.46980158710	0.00015737740
0.00001164000	3.46980188920	0.00015586260
0.00001165000	3.46980213560	0.00015435460
0.00001166000	3.46980232770	0.00015285500
0.00001167000	3.46980246670	0.00015136530
0.00001168000	3.46980255390	0.00014988690
0.00001169000	3.46980259060	0.00014842120
0.00001170000	3.46980257820	0.00014696930
0.00001171000	3.46980251800	0.00014553240
0.00001172000	3.46980241130	0.00014411160
0.00001173000	3.46980225950	0.00014270780
0.00001174000	3.46980206380	0.00014132190
0.00001175000	3.46980182560	0.00013995470
0.00001176000	3.46980154620	0.00013860700
0.00001177000	3.46980122670	0.00013727940
0.00001178000	3.46980086850	0.00013597260
0.00001179000	3.46980047280	0.00013468700
0.00001180000	3.46980004080	0.00013342320
0.00001181000	3.46979957370	0.00013218150
0.00001182000	3.46979907260	0.00013096250
0.00001183000	3.46979853850	0.00012976630
0.00001184000	3.46979797270	0.00012859340
0.00001185000	3.46979737620	0.00012744390
0.00001186000	3.46979674990	0.00012631810
0.00001187000	3.46979609490	0.00012521610
0.00001188000	3.46979541220	0.00012413810
0.00001189000	3.46979470270	0.00012308410
0.00001190000	3.46979396720	0.00012205430
0.00001191000	3.46979320660	0.00012104880
0.00001192000	3.46979242180	0.00012006750
0.00001193000	3.46979161360	0.00011911040
0.00001194000	3.46979078280	0.00011817770
0.00001195000	3.46978993010	0.00011726920
0.00001196000	3.46978905610	0.00011638490
0.00001197000	3.46978816170	0.00011552470
0.00001198000	3.46978724740	0.00011468860
0.00001199000	3.46978631390	0.00011387660
0.00001200000	3.46978536180	0.00011308850
0.00001201000	3.46978439170	0.00011232430
0.00001202000	3.46978340410	0.00011158380
0.00001203000	3.46978239950	0.00011086700
0.00001204000	3.46978137840	0.00011017370
0.00001205000	3.46978034140	0.00010950390
0.00001206000	3.46977928880	0.00010885750
0.00001207000	3.46977822120	0.00010823430
0.00001208000	3.46977713880	0.00010763420
0.00001209000	3.46977604210	0.00010705720
0.00001210000	3.46977493150	0.00010650320
0.00001211000	3.46977380730	0.00010597190
0.00001212000	3.46977266990	0.00010546340
0.00001213000	3.46977151950	0.00010497760
0.00001214000	3.46977035640	0.00010451430
0.00001215000	3.46976918100	0.00010407350
0.00001216000	3.46976799350	0.00010365520
0.00001217000	3.46976679410	0.00010325920
0.00001218000	3.46976558310	0.00010288540
0.00001219000	3.46976436060	0.00010253400
0.00001220000	3.46976312700	0.00010220470
0.00001221000	3.46976188230	0.00010189760
0.00001222000	3.46976062680	0.00010161270
0.00001223000	3.46975936060	0.00010134980
0.00001224000	3.46975808390	0.00010110920
0.00001225000	3.46975679680	0.00010089060
0.00001226000	3.46975549950	0.00010069420
0.00001227000	3.46975419210	0.00010052000
0.00001228000	3.46975287470	0.00010036810
0.00001229000	3.46975154740	0.00010023840
0.00001230000	3.46975021030	0.00010013110
0.00001231000	3.46974886350	0.00010004630
0.00001232000	3.46974750710	0.00009998400
0.00001233000	3.46974614120	0.00009994430
0.00001234000	3.46974476590	0.00009992740
0.00001235000	3.46974338120	0.00009993350
0.00001236000	3.46974198720	0.00009996260
0.00001237000	3.46974058390	0.00010001490
0.00001238000	3.46973917150	0.00010009070
0.00001239000	3.46973774990	0.00010019020
0.00001240000	3.46973631930	0.00010031350
0.00001241000	3.46973487970	0.00010046090
0.00001242000	3.46973343110	0.00010063270
0.00001243000	3.46973197360	0.00010082920
0.00001244000	3.46973050730	0.00010105060
0.00001245000	3.46972903230	0.00010129730
0.00001246000	3.46972754850	0.00010156960
0.00001247000	3.46972605600	0.00010186790
0.00001248000	3.46972455500	0.00010219260
0.00001249000	3.46972304550	0.00010254400
0.00001250000	3.46972152750	0.00010292260
0.00001251000	3.46972000130	0.00010332890
0.00001252000	3.46971846680	0.00010376340
0.00001253000	3.46971692420	0.00010422650
0.00001254000	3.46971537360	0.00010471880
0.00001255000	3.46971381510	0.00010524080
0.00001256000	3.46971224900	0.00010579320
0.00001257000	3.46971067530	0.00010637650
0.00001258000	3.46970909420	0.00010699130
0.00001259000	3.46970750590	0.00010763850
0.00001260000	3.46970591080	0.00010831860
0.00001261000	3.46970430890	0.00010903250
0.00001262000	3.46970270060	0.00010978080
0.00001263000	3.46970108620	0.00011056440
0.00001264000	3.46969946600	0.00011138410
0.00001265000	3.46969784040	0.00011224080
0.00001266000	3.46969620970	0.00011313530
0.00001267000	3.46969457450	0.00011406870
0.00001268000	3.46969293510	0.00011504190
0.00001269000	3.46969129210	0.00011605590
0.00001270000	3.46968964610	0.00011711180
0.00001271000	3.46968799760	0.00011821060
0.00001272000	3.46968634750	0.00011935340
0.00001273000	3.46968469640	0.00012054150
0.00001274000	3.46968304510	0.00012177600
0.00001275000	3.46968139450	0.00012305810
0.00001276000	3.46967974560	0.00012438900
0.00001277000	3.46967809930	0.00012577020
0.00001278000	3.46967645690	0.00012720290
0.00001279000	3.46967481950	0.00012868850
0.00001280000	3.46967318840	0.00013022830
0.00001281000	3.46967156510	0.00013182380
0.00001282000	3.46966995120	0.00013347640
0.00001283000	3.46966834820	0.00013518750
0.00001284000	3.46966675790	0.00013695870
0.00001285000	3.46966518240	0.00013879130
0.00001286000	3.46966362360	0.00014068690
0.00001287000	3.46966208380	0.00014264700
0.00001288000	3.46966056540	0.00014467300
0.00001289000	3.46965907100	0.00014676640
0.00001290000	3.46965760320	0.00014892850
0.00001291000	3.46965616510	0.00015116070
0.00001292000	3.46965475980	0.00015346450
0.00001293000	3.46965339070	0.00015584090
0.00001294000	3.46965206130	0.00015829120
0.00001295000	3.46965077550	0.00016081650
0.00001296000	3.46964953730	0.00016341760
0.00001297000	3.46964835090	0.00016609540
0.00001298000	3.46964722100	0.00016885060
0.00001299000	3.46964615230	0.00017168340
0.00001300000	3.46964514980	0.00017459430
0.00001301000	3.46964421900	0.00017758300
0.00001302000	3.46964336540	0.00018064940
0.00001303000	3.46964259470	0.00018379270
0.00001304000	3.46964191310	0.00018701200
0.00001305000	3.46964132690	0.00019030580
0.00001306000	3.46964084260	0.00019367240
0.00001307000	3.46964046700	0.00019710950
0.00001308000	3.46964020700	0.00020061410
0.00001309000	3.46964006960	0.00020418290
0.00001310000	3.46964006200	0.00020781190
0.00001311000	3.46964019150	0.00021149640
0.00001312000	3.46964046520	0.00021523100
0.00001313000	3.46964089050	0.00021900970
0.00001314000	3.46964147430	0.00022282540
0.00001315000	3.46964222360	0.00022667060
0.00001316000	3.46964314490	0.00023053660
0.00001317000	3.46964424460	0.00023441410
0.00001318000	3.46964552830	0.00023829290
0.00001319000	3.46964700130	0.00024216190
0.00001320000	3.46964866800	0.00024600910
0.00001321000	3.46965053230	0.00024982190
0.00001322000	3.46965259670	0.00025358680
0.00001323000	3.46965486310	0.00025728950
0.00001324000	3.46965733210	0.00026091550
0.00001325000	3.46966000290	0.00026444930
0.00001326000	3.46966287350	0.00026787540
0.00001327000	3.46966594030	0.00027117790
0.00001328000	3.46966919840	0.00027434080
0.00001329000	3.46967264110	0.00027734830
0.00001330000	3.46967626020	0.00028018480
0.00001331000	3.46968004580	0.00028283520
0.00001332000	3.46968398650	0.00028528510
0.00001333000	3.46968806930	0.00028752090
0.00001334000	3.46969227980	0.00028953010
0.00001335000	3.46969660210	0.00029130160
0.00001336000	3.46970101930	0.00029282550
0.00001337000	3.46970551330	0.00029409380
0.00001338000	3.46971006530	0.00029509990
0.00001339000	3.46971465560	0.00029583930
0.00001340000	3.46971926430	0.00029630930
0.00001341000	3.46972387130	0.00029650920
0.00001342000	3.46972845660	0.00029644010
0.00001343000	3.46973300030	0.00029610530
0.00001344000	3.46973748310	0.00029550970
0.00001345000	3.46974188660	0.00029466010
0.00001346000	3.46974619320	0.00029356500
0.00001347000	3.46975038630	0.00029223430
0.00001348000	3.46975445070	0.00029067930
0.00001349000	3.46975837260	0.00028891250
0.00001350000	3.46976213960	0.00028694720
0.00001351000	3.46976574080	0.00028479760
0.00001352000	3.46976916680	0.00028247840
0.00001353000	3.46977241000	0.00028000490
0.00001354000	3.46977546400	0.00027739220
0.00001355000	3.46977832430	0.00027465580
0.00001356000	3.46978098760	0.00027181090
0.00001357000	3.46978345190	0.00026887250
0.00001358000	3.46978571650	0.00026585490
0.00001359000	3.46978778220	0.00026277240
0.00001360000	3.46978965040	0.00025963830
0.00001361000	3.46979132360	0.00025646540
0.00001362000	3.46979280540	0.00025326580
0.00001363000	3.46979409980	0.00025005070
0.00001364000	3.46979521160	0.00024683070
0.00001365000	3.46979614600	0.00024361550
0.00001366000	3.46979690880	0.00024041400
0.00001367000	3.46979750600	0.00023723430
0.00001368000	3.46979794390	0.00023408380
0.00001369000	3.46979822880	0.00023096920
0.00001370000	3.46979836750	0.00022789620
0.00001371000	3.46979836640	0.00022487020
0.00001372000	3.46979823220	0.00022189580
0.00001373000	3.46979797150	0.00021897690
0.00001374000	3.46979759050	0.00021611690
0.00001375000	3.46979709580	0.00021331880
0.00001376000	3.46979649350	0.00021058500
0.00001377000	3.46979578940	0.00020791740
0.00001378000	3.46979498950	0.00020531760
0.00001379000	3.46979409930	0.00020278680
0.00001380000	3.46979312410	0.00020032590
0.00001381000	3.46979206910	0.00019793550
0.00001382000	3.46979093920	0.00019561580
0.00001383000	3.46978973910	0.00019336700
0.00001384000	3.46978847320	0.00019118890
0.00001385000	3.46978714570	0.00018908120
0.00001386000	3.46978576060	0.00018704340
0.00001387000	3.46978432170	0.00018507490
0.00001388000	3.46978283260	0.00018317490
0.00001389000	3.46978129650	0.00018134260
0.00001390000	3.46977971670	0.00017957710
0.00001391000	3.46977809610	0.00017787740
0.00001392000	3.46977643760	0.00017624230
0.00001393000	3.46977474360	0.00017467080
0.00001394000	3.46977301660	0.00017316180
0.00001395000	3.46977125900	0.00017171400
0.00001396000	3.46976947280	0.00017032640
0.00001397000	3.46976766000	0.00016899760
0.00001398000	3.46976582250	0.00016772650
0.00001399000	3.46976396200	0.00016651180
0.00001400000	3.46976208010	0.00016535250
0.00001401000	3.46976017820	0.00016424720
0.00001402000	3.46975825780	0.00016319480
0.00001403000	3.46975632010	0.00016219420
0.00001404000	3.46975436630	0.00016124410
0.00001405000	3.46975239750	0.00016034360
0.00001406000	3.46975041470	0.00015949150
0.00001407000	3.46974841890	0.00015868680
0.00001408000	3.46974641080	0.00015792830
0.00001409000	3.46974439130	0.00015721510
0.00001410000	3.46974236110	0.00015654630
0.00001411000	3.46974032080	0.00015592080
0.00001412000	3.46973827110	0.00015533770
0.00001413000	3.46973621250	0.00015479620
0.00001414000	3.46973414550	0.00015429530
0.00001415000	3.46973207060	0.00015383430
0.00001416000	3.46972998820	0.00015341240
0.00001417000	3.46972789860	0.00015302870
0.00001418000	3.46972580220	0.00015268260
0.00001419000	3.46972369930	0.00015237330
0.00001420000	3.46972159020	0.00015210010
0.00001421000	3.46971947500	0.00015186240
0.00001422000	3.46971735410	0.00015165950
0.00001423000	3.46971522760	0.00015149090
0.00001424000	3.46971309560	0.00015135590
0.00001425000	3.46971095830	0.00015125410
0.00001426000	3.46970881580	0.00015118490
0.00001427000	3.46970666820	0.00015114780
0.00001428000	3.46970451560	0.00015114230
0.00001429000	3.46970235800	0.00015116810
0.00001430000	3.46970019540	0.00015122460
0.00001431000	3.46969802800	0.00015131140
0.00001432000	3.46969585570	0.00015142830
0.00001433000	3.46969367860	0.00015157480
0.00001434000	3.46969149650	0.00015175060
0.00001435000	3.46968930950	0.00015195540
0.00001436000	3.46968711760	0.00015218890
0.00001437000	3.46968492070	0.00015245080
0.00001438000	3.46968271880	0.00015274090
0.00001439000	3.46968051180	0.00015305900
0.00001440000	3.46967829960	0.00015340480
0.00001441000	3.46967608220	0.00015377810
0.00001442000	3.46967385950	0.00015417880
0.00001443000	3.46967163150	0.00015460670
0.00001444000	3.46966939800	0.00015506180
0.00001445000	3.46966715890	0.00015554370
0.00001446000	3.46966491410	0.00015605250
0.00001447000	3.46966266360	0.00015658810
0.00001448000	3.46966040730	0.00015715040
0.00001449000	3.46965814490	0.00015773930
0.00001450000	3.46965587650	0.00015835480
0.00001451000	3.46965360190	0.00015899680
0.00001452000	3.46965132090	0.00015966540
0.00001453000	3.46964903360	0.00016036060
0.00001454000	3.46964673960	0.00016108240
0.00001455000	3.46964443900	0.00016183080
0.00001456000	3.46964213170	0.00016260590
0.00001457000	3.46963981740	0.00016340780
0.00001458000	3.46963749600	0.00016423640
0.00001459000	3.46963516750	0.00016509200
0.00001460000	3.46963283170	0.00016597460
0.00001461000	3.46963048850	0.00016688440
0.00001462000	3.46962813770	0.00016782150
0.00001463000	3.46962577930	0.00016878600
0.00001464000	3.46962341310	0.00016977810
0.00001465000	3.46962103890	0.00017079800
0.00001466000	3.46961865680	0.00017184590
0.00001467000	3.46961626650	0.00017292200
0.00001468000	3.46961386790	0.00017402650
0.00001469000	3.46961146090	0.00017515970
0.00001470000	3.46960904540	0.00017632180
0.00001471000	3.46960662130	0.00017751300
0.00001472000	3.46960418850	0.00017873370
0.00001473000	3.46960174680	0.00017998410
0.00001474000	3.46959929610	0.00018126450
0.00001475000	3.46959683650	0.00018257530
0.00001476000	3.46959436760	0.00018391690
0.00001477000	3.46959188950	0.00018528940
0.00001478000	3.46958940210	0.00018669340
0.00001479000	3.46958690520	0.00018812920
0.00001480000	3.46958439880	0.00018959710
0.00001481000	3.46958188280	0.00019109770
0.00001482000	3.46957935720	0.00019263130
0.00001483000	3.46957682170	0.00019419830
0.00001484000	3.46957427650	0.00019579930
0.00001485000	3.46957172130	0.00019743460
0.00001486000	3.46956915630	0.00019910480
0.00001487000	3.46956658120	0.00020081040
0.00001488000	3.46956399610	0.00020255190
0.00001489000	3.46956140090	0.00020432990
0.00001490000	3.46955879560	0.00020614480
0.00001491000	3.46955618010	0.00020799730
0.00001492000	3.46955355460	0.00020988800
0.00001493000	3.46955091890	0.00021181740
0.00001494000	3.46954827300	0.00021378610
0.00001495000	3.46954561700	0.00021579490
0.00001496000	3.46954295080	0.00021784440
0.00001497000	3.46954027460	0.00021993520
0.00001498000	3.46953758830	0.00022206810
0.00001499000	3.46953489210	0.00022424370
0.00001500000	3.46953218590	0.00022646280
0.00001501000	3.46952946980	0.00022872630
0.00001502000	3.46952674400	0.00023103470
0.00001503000	3.46952400850	0.00023338900
0.00001504000	3.46952126350	0.00023578990
0.00001505000	3.46951850900	0.00023823830
0.00001506000	3.46951574530	0.00024073500
0.00001507000	3.46951297250	0.00024328100
0.00001508000	3.46951019070	0.00024587710
0.00001509000	3.46950740020	0.00024852430
0.00001510000	3.46950460130	0.00025122340
0.00001511000	3.46950179400	0.00025397550
0.00001512000	3.46949897880	0.00025678170
0.00001513000	3.46949615580	0.00025964270
0.00001514000	3.46949332540	0.00026255990
0.00001515000	3.46949048780	0.00026553410
0.00001516000	3.46948764360	0.00026856650
0.00001517000	3.46948479300	0.00027165820
0.00001518000	3.46948193640	0.00027481040
0.00001519000	3.46947907430	0.00027802410
0.00001520000	3.46947620720	0.00028130070
0.00001521000	3.46947333550	0.00028464130
0.00001522000	3.46947045980	0.00028804720
0.00001523000	3.46946758060	0.00029151950
0.00001524000	3.46946469860	0.00029505980
0.00001525000	3.46946181440	0.00029866910
0.00001526000	3.46945892870	0.00030234900
0.00001527000	3.46945604210	0.00030610080
0.00001528000	3.46945315550	0.00030992580
0.00001529000	3.46945026970	0.00031382560
0.00001530000	3.46944738560	0.00031780150
0.00001531000	3.46944450390	0.00032185500
0.00001532000	3.46944162580	0.00032598770
0.00001533000	3.46943875220	0.00033020110
0.00001534000	3.46943588430	0.00033449680
0.00001535000	3.46943302300	0.00033887620
0.00001536000	3.46943016970	0.00034334110
0.00001537000	3.46942732560	0.00034789310
0.00001538000	3.46942449210	0.00035253380
0.00001539000	3.46942167040	0.00035726490
0.00001540000	3.46941886210	0.00036208800
0.00001541000	3.46941606880	0.00036700500
0.00001542000	3.46941329210	0.00037201750
0.00001543000	3.46941053360	0.00037712740
0.00001544000	3.46940779530	0.00038233620
0.00001545000	3.46940507890	0.00038764600
0.00001546000	3.46940238640	0.00039305840
0.00001547000	3.46939972000	0.00039857530
0.00001548000	3.46939708190	0.00040419840
0.00001549000	3.46939447420	0.00040992960
0.00001550000	3.46939189940	0.00041577080
0.00001551000	3.46938936000	0.00042172370
0.00001552000	3.46938685870	0.00042779010
0.00001553000	3.46938439820	0.00043397190
0.00001554000	3.46938198120	0.00044027100
0.00001555000	3.46937961100	0.00044668890
0.00001556000	3.46937729060	0.00045322760
0.00001557000	3.46937502320	0.00045988880
0.00001558000	3.46937281230	0.00046667420
0.00001559000	3.46937066140	0.00047358540
0.00001560000	3.46936857440	0.00048062410
0.00001561000	3.46936655490	0.00048779190
0.00001562000	3.46936460720	0.00049509030
0.00001563000	3.46936273540	0.00050252090
0.00001564000	3.46936094380	0.00051008480
0.00001565000	3.46935923700	0.00051778360
0.00001566000	3.46935761970	0.00052561850
0.00001567000	3.46935609680	0.00053359040
0.00001568000	3.46935467340	0.00054170060
0.00001569000	3.46935335480	0.00054994980
0.00001570000	3.46935214640	0.00055833890
0.00001571000	3.46935105380	0.00056686850
0.00001572000	3.46935008300	0.00057553900
0.00001573000	3.46934923980	0.00058435070
0.00001574000	3.46934853060	0.00059330390
0.00001575000	3.46934796180	0.00060239820
0.00001576000	3.46934754000	0.00061163360
0.00001577000	3.46934727190	0.00062100940
0.00001578000	3.46934716470	0.00063052480
0.00001579000	3.46934722530	0.00064017890
0.00001580000	3.46934746130	0.00064997030
0.00001581000	3.46934788010	0.00065989730
0.00001582000	3.46934848940	0.00066995810
0.00001583000	3.46934929710	0.00068015020
0.00001584000	3.46935031110	0.00069047110
0.00001585000	3.46935153970	0.00070091780
0.00001586000	3.46935299100	0.00071148670
0.00001587000	3.46935467350	0.00072217410
0.00001588000	3.46935659560	0.00073297560
0.00001589000	3.46935876580	0.00074388640
0.00001590000	3.46936119270	0.00075490140
0.00001591000	3.46936388490	0.00076601470
0.00001592000	3.46936685110	0.00077722010
0.00001593000	3.46937009970	0.00078851080
0.00001594000	3.46937363940	0.00079987930
0.00001595000	3.46937747860	0.00081131780
0.00001596000	3.46938162560	0.00082281760
0.00001597000	3.46938608850	0.00083436970
0.00001598000	3.46939087540	0.00084596430
0.00001599000	3.46939599380	0.00085759090
0.00001600000	3.46940145140	0.00086923870
0.00001601000	3.46940725510	0.00088089590
0.00001602000	3.46941341170	0.00089255030
0.00001603000	3.46941992740	0.00090418890
0.00001604000	3.46942680820	0.00091579840
0.00001605000	3.46943405920	0.00092736440
0.00001606000	3.46944168510	0.00093887240
0.00001607000	3.46944969000	0.00095030710
0.00001608000	3.46945807720	0.00096165250
0.00001609000	3.46946684940	0.00097289240
0.00001610000	3.46947600820	0.00098401000
0.00001611000	3.46948555480	0.00099498790
0.00001612000	3.46949548900	0.00100580860
0.00001613000	3.46950580990	0.00101645390
0.00001614000	3.46951651580	0.00102690570
0.00001615000	3.46952760340	0.00103714550
0.00001616000	3.46953906890	0.00104715450
0.00001617000	3.46955090710	0.00105691420
0.00001618000	3.46956311160	0.00106640560
0.00001619000	3.46957567510	0.00107561020
0.00001620000	3.46958858880	0.00108450960
0.00001621000	3.46960184290	0.00109308540
0.00001622000	3.46961542650	0.00110131970
0.00001623000	3.46962932740	0.00110919520
0.00001624000	3.46964353220	0.00111669480
0.00001625000	3.46965802640	0.00112380220
0.00001626000	3.46967279450	0.00113050190
0.00001627000	3.46968781970	0.00113677910
0.00001628000	3.46970308460	0.00114261970
0.00001629000	3.46971857030	0.00114801080
0.00001630000	3.46973425750	0.00115294070
0.00001631000	3.46975012580	0.00115739840
0.00001632000	3.46976615420	0.00116137430
0.00001633000	3.46978232090	0.00116486020
0.00001634000	3.46979860370	0.00116784900
0.00001635000	3.46981498000	0.00117033500
0.00001636000	3.46983142660	0.00117231390
0.00001637000	3.46984792030	0.00117378280
0.00001638000	3.46986443760	0.00117474020
0.00001639000	3.46988095500	0.00117518600
0.00001640000	3.46989744920	0.00117512170
0.00001641000	3.46991389690	0.00117454990
0.00001642000	3.46993027530	0.00117347500
0.00001643000	3.46994656180	0.00117190240
0.00001644000	3.46996273440	0.00116983890
0.00001645000	3.46997877160	0.00116729260
0.00001646000	3.46999465270	0.00116427290
0.00001647000	3.47001035760	0.00116079030
0.00001648000	3.47002586710	0.00115685610
0.00001649000	3.47004116310	0.00115248300
0.00001650000	3.47005622800	0.00114768430
0.00001651000	3.47007104560	0.00114247440
0.00001652000	3.47008560060	0.00113686820
0.00001653000	3.47009987870	0.00113088140
0.00001654000	3.47011386680	0.00112453020
0.00001655000	3.47012755310	0.00111783140
0.00001656000	3.47014092650	0.00111080200
0.00001657000	3.47015397750	0.00110345940
0.00001658000	3.47016669740	0.00109582120
0.00001659000	3.47017907870	0.00108790520
0.00001660000	3.47019111510	0.00107972920
0.00001661000	3.47020280130	0.00107131090
0.00001662000	3.47021413300	0.00106266820
0.00001663000	3.47022510710	0.00105381840
0.00001664000	3.47023572130	0.00104477900
0.00001665000	3.47024597420	0.00103556700
0.00001666000	3.47025586550	0.00102619910
0.00001667000	3.47026539550	0.00101669170
0.00001668000	3.47027456550	0.00100706080
0.00001669000	3.47028337740	0.00099732180
0.00001670000	3.47029183400	0.00098748980
0.00001671000	3.47029993850	0.00097757930
0.00001672000	3.47030769480	0.00096760430
0.00001673000	3.47031510740	0.00095757830
0.00001674000	3.47032218120	0.00094751410
0.00001675000	3.47032892170	0.00093742420
0.00001676000	3.47033533460	0.00092732020
0.00001677000	3.47034142620	0.00091721330
0.00001678000	3.47034720280	0.00090711420
0.00001679000	3.47035267140	0.00089703290
0.00001680000	3.47035783870	0.00088697890
0.00001681000	3.47036271210	0.00087696100
0.00001682000	3.47036729890	0.00086698760
0.00001683000	3.47037160650	0.00085706670
0.00001684000	3.47037564250	0.00084720540
0.00001685000	3.47037941460	0.00083741060
0.00001686000	3.47038293030	0.00082768850
0.00001687000	3.47038619750	0.00081804510
0.00001688000	3.47038922380	0.00080848570
0.00001689000	3.47039201680	0.00079901510
0.00001690000	3.47039458410	0.00078963800
0.00001691000	3.47039693330	0.00078035830
0.00001692000	3.47039907170	0.00077117980
0.00001693000	3.47040100690	0.00076210590
0.00001694000	3.47040274600	0.00075313950
0.00001695000	3.47040429610	0.00074428330
0.00001696000	3.47040566430	0.00073553950
0.00001697000	3.47040685750	0.00072691030
0.00001698000	3.47040788230	0.00071839740
0.00001699000	3.47040874530	0.00071000220
0.00001700000	3.47040945300	0.00070172600
0.00001701000	3.47041001160	0.00069356990
0.00001702000	3.47041042720	0.00068553440
0.00001703000	3.47041070580	0.00067762040
0.00001704000	3.47041085310	0.00066982800
0.00001705000	3.47041087490	0.00066215760
0.00001706000	3.47041077640	0.00065460920
0.00001707000	3.47041056310	0.00064718260
0.00001708000	3.47041024000	0.00063987760
0.00001709000	3.47040981220	0.00063269380
0.00001710000	3.47040928430	0.00062563070
0.00001711000	3.47040866110	0.00061868770
0.00001712000	3.47040794700	0.00061186410
0.00001713000	3.47040714650	0.00060515890
0.00001714000	3.47040626350	0.00059857140
0.00001715000	3.47040530240	0.00059210060
0.00001716000	3.47040426680	0.00058574540
0.00001717000	3.47040316060	0.00057950470
0.00001718000	3.47040198730	0.00057337730
0.00001719000	3.47040075060	0.00056736210
0.00001720000	3.47039945360	0.00056145770
0.00001721000	3.47039809970	0.00055566290
0.00001722000	3.47039669200	0.00054997640
0.00001723000	3.47039523340	0.00054439670
0.00001724000	3.47039372680	0.00053892260
0.00001725000	3.47039217490	0.00053355260
0.00001726000	3.47039058050	0.00052828530
0.00001727000	3.47038894610	0.00052311920
0.00001728000	3.47038727400	0.00051805300
0.00001729000	3.47038556670	0.00051308510
0.00001730000	3.47038382630	0.00050821410
0.00001731000	3.47038205510	0.00050343860
0.00001732000	3.47038025510	0.00049875710
0.00001733000	3.47037842830	0.00049416810
0.00001734000	3.47037657660	0.00048967030
0.00001735000	3.47037470180	0.00048526200
0.00001736000	3.47037280560	0.00048094210
0.00001737000	3.47037088980	0.00047670890
0.00001738000	3.47036895590	0.00047256100
0.00001739000	3.47036700540	0.00046849720
0.00001740000	3.47036503990	0.00046451600
0.00001741000	3.47036306070	0.00046061590
0.00001742000	3.47036106920	0.00045679570
0.00001743000	3.47035906660	0.00045305400
0.00001744000	3.47035705430	0.00044938950
0.00001745000	3.47035503330	0.00044580080
0.00001746000	3.47035300470	0.00044228670
0.00001747000	3.47035096980	0.00043884590
0.00001748000	3.47034892940	0.00043547710
0.00001749000	3.47034688470	0.00043217910
0.00001750000	3.47034483640	0.00042895060
0.00001751000	3.47034278560	0.00042579050
0.00001752000	3.47034073300	0.00042269750
0.00001753000	3.47033867960	0.00041967060
0.00001754000	3.47033662600	0.00041670850
0.00001755000	3.47033457310	0.00041381010
0.00001756000	3.47033252150	0.00041097430
0.00001757000	3.47033047200	0.00040820000
0.00001758000	3.47032842520	0.00040548610
0.00001759000	3.47032638160	0.00040283170
0.00001760000	3.47032434200	0.00040023560
0.00001761000	3.47032230690	0.00039769680
0.00001762000	3.47032027680	0.00039521440
0.00001763000	3.47031825220	0.00039278730
0.00001764000	3.47031623370	0.00039041470
0.00001765000	3.47031422170	0.00038809550
0.00001766000	3.47031221660	0.00038582880
0.00001767000	3.47031021900	0.00038361370
0.00001768000	3.47030822910	0.00038144940
0.00001769000	3.47030624750	0.00037933490
0.00001770000	3.47030427440	0.00037726950
0.00001771000	3.47030231020	0.00037525210
0.00001772000	3.47030035540	0.00037328220
0.00001773000	3.47029841010	0.00037135870
0.00001774000	3.47029647470	0.00036948100
0.00001775000	3.47029454960	0.00036764820
0.00001776000	3.47029263490	0.00036585960
0.00001777000	3.47029073100	0.00036411450
0.00001778000	3.47028883810	0.00036241200
0.00001779000	3.47028695650	0.00036075160
0.00001780000	3.47028508630	0.00035913240
0.00001781000	3.47028322800	0.00035755390
0.00001782000	3.47028138150	0.00035601520
0.00001783000	3.47027954720	0.00035451580
0.00001784000	3.47027772520	0.00035305500
0.00001785000	3.47027591580	0.00035163210
0.00001786000	3.47027411910	0.00035024660
0.00001787000	3.47027233520	0.00034889780
0.00001788000	3.47027056440	0.00034758510
0.00001789000	3.47026880680	0.00034630790
0.00001790000	3.47026706260	0.00034506560
0.00001791000	3.47026533180	0.00034385770
0.00001792000	3.47026361470	0.00034268360
0.00001793000	3.47026191130	0.00034154280
0.00001794000	3.47026022180	0.00034043460
0.00001795000	3.47025854640	0.00033935870
0.00001796000	3.47025688500	0.00033831440
0.00001797000	3.47025523790	0.00033730130
0.00001798000	3.47025360510	0.00033631880
0.00001799000	3.47025198680	0.00033536650
0.00001800000	3.47025038300	0.00033444380
0.00001801000	3.47024879380	0.00033355040
0.00001802000	3.47024721940	0.00033268570
0.00001803000	3.47024565980	0.00033184930
0.00001804000	3.47024411500	0.00033104070
0.00001805000	3.47024258530	0.00033025940
0.00001806000	3.47024107060	0.00032950520
0.00001807000	3.47023957100	0.00032877740
0.00001808000	3.47023808660	0.00032807570
0.00001809000	3.47023661760	0.00032739970
0.00001810000	3.47023516380	0.00032674900
0.00001811000	3.47023372550	0.00032612310
0.00001812000	3.47023230260	0.00032552170
0.00001813000	3.47023089530	0.00032494440
0.00001814000	3.47022950350	0.00032439070
0.00001815000	3.47022812740	0.00032386040
0.00001816000	3.47022676700	0.00032335300
0.00001817000	3.47022542240	0.00032286820
0.00001818000	3.47022409360	0.00032240560
0.00001819000	3.47022278060	0.00032196490
0.00001820000	3.47022148360	0.00032154560
0.00001821000	3.47022020250	0.00032114750
0.00001822000	3.47021893750	0.00032077020
0.00001823000	3.47021768850	0.00032041330
0.00001824000	3.47021645560	0.00032007660
0.00001825000	3.47021523890	0.00031975970
0.00001826000	3.47021403840	0.00031946220
0.00001827000	3.47021285410	0.00031918390
0.00001828000	3.47021168610	0.00031892440
0.00001829000	3.47021053440	0.00031868330
0.00001830000	3.47020939910	0.00031846050
0.00001831000	3.47020828020	0.00031825550
0.00001832000	3.47020717770	0.00031806810
0.00001833000	3.47020609170	0.00031789800
0.00001834000	3.47020502230	0.00031774480
0.00001835000	3.47020396930	0.00031760830
0.00001836000	3.47020293300	0.00031748810
0.00001837000	3.47020191330	0.00031738400
0.00001838000	3.47020091020	0.00031729570
0.00001839000	3.47019992390	0.00031722280
0.00001840000	3.47019895420	0.00031716520
0.00001841000	3.47019800140	0.00031712240
0.00001842000	3.47019706530	0.00031709430
0.00001843000	3.47019614600	0.00031708050
0.00001844000	3.47019524350	0.00031708080
0.00001845000	3.47019435800	0.00031709480
0.00001846000	3.47019348930	0.00031712230
0.00001847000	3.47019263760	0.00031716310
0.00001848000	3.47019180280	0.00031721680
0.00001849000	3.47019098510	0.00031728320
0.00001850000	3.47019018430	0.00031736200
0.00001851000	3.47018940050	0.00031745300
0.00001852000	3.47018863380	0.00031755580
0.00001853000	3.47018788420	0.00031767020
0.00001854000	3.47018715170	0.00031779590
0.00001855000	3.47018643630	0.00031793270
0.00001856000	3.47018573800	0.00031808030
0.00001857000	3.47018505690	0.00031823840
0.00001858000	3.47018439290	0.00031840680
0.00001859000	3.47018374610	0.00031858510
0.00001860000	3.47018311650	0.00031877320
0.00001861000	3.47018250420	0.00031897080
0.00001862000	3.47018190900	0.00031917760
0.00001863000	3.47018133110	0.00031939330
0.00001864000	3.47018077040	0.00031961780
0.00001865000	3.47018022700	0.00031985060
0.00001866000	3.47017970080	0.00032009160
0.00001867000	3.47017919180	0.00032034060
0.00001868000	3.47017870010	0.00032059710
0.00001869000	3.47017822570	0.00032086110
0.00001870000	3.47017776860	0.00032113220
0.00001871000	3.47017732870	0.00032141010
0.00001872000	3.47017690600	0.00032169470
0.00001873000	3.47017650060	0.00032198560
0.00001874000	3.47017611240	0.00032228260
0.00001875000	3.47017574140	0.00032258540
0.00001876000	3.47017538770	0.00032289380
0.00001877000	3.47017505110	0.00032320750
0.00001878000	3.47017473180	0.00032352630
0.00001879000	3.47017442960	0.00032384980
0.00001880000	3.47017414450	0.00032417790
0.00001881000	3.47017387660	0.00032451030
0.00001882000	3.47017362570	0.00032484680
0.00001883000	3.47017339190	0.00032518690
0.00001884000	3.47017317520	0.00032553060
0.00001885000	3.47017297550	0.00032587760
0.00001886000	3.47017279270	0.00032622760
0.00001887000	3.47017262690	0.00032658030
0.00001888000	3.47017247790	0.00032693550
0.00001889000	3.47017234580	0.00032729290
0.00001890000	3.47017223050	0.00032765230
0.00001891000	3.47017213190	0.00032801350
0.00001892000	3.47017205010	0.00032837610
0.00001893000	3.47017198490	0.00032873990
0.00001894000	3.47017193630	0.00032910470
0.00001895000	3.47017190420	0.00032947020
0.00001896000	3.47017188860	0.00032983610
0.00001897000	3.47017188940	0.00033020230
0.00001898000	3.47017190650	0.00033056840
0.00001899000	3.47017193990	0.00033093420
0.00001900000	3.47017198940	0.00033129950
0.00001901000	3.47017205510	0.00033166400
0.00001902000	3.47017213680	0.00033202750
0.00001903000	3.47017223440	0.00033238960
0.00001904000	3.47017234790	0.00033275030
0.00001905000	3.47017247710	0.00033310910
0.00001906000	3.47017262200	0.00033346600
0.00001907000	3.47017278240	0.00033382060
0.00001908000	3.47017295840	0.00033417270
0.00001909000	3.47017314970	0.00033452200
0.00001910000	3.47017335620	0.00033486840
0.00001911000	3.47017357790	0.00033521160
0.00001912000	3.47017381460	0.00033555130
0.00001913000	3.47017406620	0.00033588730
0.00001914000	3.47017433260	0.00033621940
0.00001915000	3.47017461360	0.00033654740
0.00001916000	3.47017490920	0.00033687100
0.00001917000	3.47017521910	0.00033719010
0.00001918000	3.47017554340	0.00033750430
0.00001919000	3.47017588170	0.00033781340
0.00001920000	3.47017623410	0.00033811730
0.00001921000	3.47017660030	0.00033841580
0.00001922000	3.47017698010	0.00033870850
0.00001923000	3.47017737350	0.00033899530
0.00001924000	3.47017778030	0.00033927600
0.00001925000	3.47017820030	0.00033955040
0.00001926000	3.47017863340	0.00033981830
0.00001927000	3.47017907930	0.00034007950
0.00001928000	3.47017953800	0.00034033370
0.00001929000	3.47018000920	0.00034058080
0.00001930000	3.47018049280	0.00034082060
0.00001931000	3.47018098860	0.00034105290
0.00001932000	3.47018149650	0.00034127740
0.00001933000	3.47018201610	0.00034149420
0.00001934000	3.47018254740	0.00034170280
0.00001935000	3.47018309020	0.00034190330
0.00001936000	3.47018364430	0.00034209530
0.00001937000	3.47018420940	0.00034227880
0.00001938000	3.47018478540	0.00034245350
0.00001939000	3.47018537210	0.00034261930
0.00001940000	3.47018596920	0.00034277610
0.00001941000	3.47018657660	0.00034292370
0.00001942000	3.47018719410	0.00034306190
0.00001943000	3.47018782140	0.00034319050
0.00001944000	3.47018845840	0.00034330960
0.00001945000	3.47018910480	0.00034341880
0.00001946000	3.47018976040	0.00034351810
0.00001947000	3.47019042500	0.00034360740
0.00001948000	3.47019109840	0.00034368640
0.00001949000	3.47019178030	0.00034375520
0.00001950000	3.47019247060	0.00034381350
0.00001951000	3.47019316890	0.00034386130
0.00001952000	3.47019387520	0.00034389850
0.00001953000	3.47019458900	0.00034392490
0.00001954000	3.47019531030	0.00034394050
0.00001955000	3.47019603880	0.00034394510
0.00001956000	3.47019677430	0.00034393870
0.00001957000	3.47019751640	0.00034392110
0.00001958000	3.47019826510	0.00034389240
0.00001959000	3.47019902000	0.00034385240
0.00001960000	3.47019978090	0.00034380100
0.00001961000	3.47020054760	0.00034373820
0.00001962000	3.47020131990	0.00034366400
0.00001963000	3.47020209740	0.00034357810
0.00001964000	3.47020288010	0.00034348070
0.00001965000	3.47020366760	0.00034337170
0.00001966000	3.47020445960	0.00034325100
0.00001967000	3.47020525610	0.00034311850
0.00001968000	3.47020605660	0.00034297430
0.00001969000	3.47020686110	0.00034281830
0.00001970000	3.47020766920	0.00034265040
0.00001971000	3.47020848080	0.00034247080
0.00001972000	3.47020929550	0.00034227930
0.00001973000	3.47021011310	0.00034207590
0.00001974000	3.47021093350	0.00034186060
0.00001975000	3.47021175640	0.00034163350
0.00001976000	3.47021258150	0.00034139450
0.00001977000	3.47021340860	0.00034114370
0.00001978000	3.47021423750	0.00034088090
0.00001979000	3.47021506800	0.00034060640
0.00001980000	3.47021589980	0.00034032000
0.00001981000	3.47021673270	0.00034002190
0.00001982000	3.47021756650	0.00033971190
0.00001983000	3.47021840090	0.00033939030
0.00001984000	3.47021923580	0.00033905690
0.00001985000	3.47022007100	0.00033871190
0.00001986000	3.47022090610	0.00033835520
0.00001987000	3.47022174100	0.00033798710
0.00001988000	3.47022257550	0.00033760740
0.00001989000	3.47022340940	0.00033721620
0.00001990000	3.47022424240	0.00033681370
0.00001991000	3.47022507440	0.00033639980
0.00001992000	3.47022590510	0.00033597460
0.00001993000	3.47022673440	0.00033553830
0.00001994000	3.47022756200	0.00033509090
0.00001995000	3.47022838780	0.00033463240
0.00001996000	3.47022921160	0.00033416300
0.00001997000	3.47023003310	0.00033368270
0.00001998000	3.47023085220	0.00033319160
0.00001999000	3.47023166870	0.00033268980
0.00002000000	3.47023248240	0.00033217750
