2.9494E-08	8.8731E-01	1.8700E-01
3.0050E-08	8.8353E-01	1.8800E-01
3.0616E-08	8.7728E-01	1.9100E-01
3.1193E-08	8.7067E-01	1.9900E-01
3.1780E-08	8.6558E-01	2.0900E-01
3.2379E-08	8.6217E-01	2.2000E-01
3.2989E-08	8.6029E-01	2.3100E-01
3.3611E-08	8.5909E-01	2.4100E-01
3.4244E-08	8.5851E-01	2.5200E-01
3.4889E-08	8.5850E-01	2.6200E-01
3.5546E-08	8.5904E-01	2.7300E-01
3.6216E-08	8.6024E-01	2.8300E-01
3.6899E-08	8.6165E-01	2.9300E-01
3.7594E-08	8.6351E-01	3.0300E-01
3.8302E-08	8.6541E-01	3.1200E-01
3.9024E-08	8.6752E-01	3.2200E-01
3.9759E-08	8.7010E-01	3.3100E-01
4.0508E-08	8.7225E-01	3.3900E-01
4.1271E-08	8.7409E-01	3.4800E-01
4.2049E-08	8.7626E-01	3.5700E-01
4.2841E-08	8.7828E-01	3.6500E-01
4.3648E-08	8.7964E-01	3.7300E-01
4.4471E-08	8.8013E-01	3.8100E-01
4.5309E-08	8.8028E-01	3.9100E-01
4.6162E-08	8.8118E-01	4.0200E-01
4.7032E-08	8.8256E-01	4.1200E-01
4.7918E-08	8.8325E-01	4.2100E-01
4.8821E-08	8.8149E-01	4.2900E-01
4.9741E-08	8.7835E-01	4.4300E-01
5.0678E-08	8.7711E-01	4.6100E-01
5.1633E-08	8.7841E-01	4.8000E-01
5.2606E-08	8.8265E-01	5.0100E-01
5.3597E-08	8.9195E-01	5.2300E-01
5.4607E-08	9.0326E-01	5.3500E-01
5.5636E-08	9.0990E-01	5.4200E-01
5.6684E-08	9.1453E-01	5.5800E-01
5.7752E-08	9.2129E-01	5.7400E-01
5.8840E-08	9.2981E-01	5.9100E-01
5.9949E-08	9.4199E-01	6.0900E-01
6.1078E-08	9.5469E-01	6.1700E-01
6.2229E-08	9.6276E-01	6.2300E-01
6.3401E-08	9.6733E-01	6.3300E-01
6.4596E-08	9.7235E-01	6.4900E-01
6.5813E-08	9.7923E-01	6.6500E-01
6.7053E-08	9.8874E-01	6.8400E-01
6.8316E-08	9.9924E-01	6.9700E-01
6.9604E-08	1.0085E+00	7.1200E-01
7.0915E-08	1.0182E+00	7.2800E-01
7.2251E-08	1.0266E+00	7.4300E-01
7.3612E-08	1.0385E+00	7.7000E-01
7.4999E-08	1.0582E+00	7.9200E-01
7.6412E-08	1.0784E+00	8.0200E-01
7.7852E-08	1.0948E+00	8.1100E-01
7.9319E-08	1.1080E+00	8.1900E-01
8.0813E-08	1.1136E+00	8.2400E-01
8.2336E-08	1.1187E+00	8.5300E-01
8.3887E-08	1.1355E+00	8.8700E-01
8.5468E-08	1.1599E+00	9.1100E-01
8.7078E-08	1.1826E+00	9.2600E-01
8.8719E-08	1.2099E+00	9.5600E-01
9.0391E-08	1.2224E+00	9.4300E-01
9.2094E-08	1.2551E+00	1.0400E+00
9.3829E-08	1.3231E+00	1.0400E+00
9.5597E-08	1.3557E+00	1.0000E+00
9.7398E-08	1.3819E+00	1.0400E+00
9.9233E-08	1.4237E+00	1.0400E+00
1.0110E-07	1.4626E+00	1.0500E+00
1.0301E-07	1.5167E+00	1.0700E+00
1.0495E-07	1.5726E+00	1.0400E+00
1.0693E-07	1.6114E+00	1.0100E+00
1.0894E-07	1.6402E+00	9.8264E-01
1.1099E-07	1.6660E+00	9.6411E-01
1.1308E-07	1.6898E+00	9.3830E-01
1.1522E-07	1.7057E+00	9.1113E-01
1.1739E-07	1.7199E+00	8.9845E-01
1.1960E-07	1.7376E+00	8.8098E-01
1.2185E-07	1.7419E+00	8.4260E-01
1.2415E-07	1.7450E+00	8.5384E-01
1.2649E-07	1.7606E+00	8.4473E-01
1.2887E-07	1.7769E+00	8.3653E-01
1.3130E-07	1.7915E+00	8.1783E-01
1.3377E-07	1.8019E+00	8.0191E-01
1.3629E-07	1.8085E+00	7.8221E-01
1.3886E-07	1.8092E+00	7.6502E-01
1.4148E-07	1.8068E+00	7.5522E-01
1.4414E-07	1.8037E+00	7.5030E-01
1.4686E-07	1.8028E+00	7.5254E-01
1.4962E-07	1.8039E+00	7.5307E-01
1.5244E-07	1.8071E+00	7.5889E-01
1.5532E-07	1.8134E+00	7.6257E-01
1.5824E-07	1.8167E+00	7.5842E-01
1.6122E-07	1.8153E+00	7.6373E-01
1.6426E-07	1.8196E+00	7.8325E-01
1.6736E-07	1.8279E+00	7.9055E-01
1.7051E-07	1.8331E+00	8.0245E-01
1.7372E-07	1.8426E+00	8.2766E-01
1.7699E-07	1.8599E+00	8.5070E-01
1.8033E-07	1.8864E+00	8.7752E-01
1.8373E-07	1.9073E+00	8.7399E-01
1.8719E-07	1.9279E+00	9.1396E-01
1.9072E-07	1.9710E+00	9.5074E-01
1.9431E-07	2.0181E+00	9.5468E-01
1.9797E-07	2.0657E+00	9.7613E-01
2.0170E-07	2.1244E+00	9.8747E-01
2.0550E-07	2.1878E+00	9.8585E-01
2.0937E-07	2.2525E+00	9.7423E-01
2.1332E-07	2.3178E+00	9.5465E-01
2.1734E-07	2.3835E+00	9.2514E-01
2.2143E-07	2.4486E+00	8.8484E-01
2.2560E-07	2.5102E+00	8.2870E-01
2.2985E-07	2.5599E+00	7.5259E-01
2.3418E-07	2.5929E+00	6.7258E-01
2.3860E-07	2.6100E+00	5.9124E-01
2.4309E-07	2.6144E+00	5.1805E-01
2.4767E-07	2.6115E+00	4.5246E-01
2.5234E-07	2.6018E+00	3.8713E-01
2.5709E-07	2.5836E+00	3.2698E-01
2.6194E-07	2.5585E+00	2.7495E-01
2.6687E-07	2.5291E+00	2.3270E-01
2.7190E-07	2.4981E+00	2.0003E-01
2.7702E-07	2.4682E+00	1.7585E-01
2.8224E-07	2.4409E+00	1.5801E-01
2.8756E-07	2.4169E+00	1.4427E-01
2.9298E-07	2.3960E+00	1.3219E-01
2.9850E-07	2.3775E+00	1.2152E-01
3.0412E-07	2.3615E+00	1.1206E-01
3.0985E-07	2.3449E+00	9.7244E-02
3.1569E-07	2.3274E+00	9.0259E-02
3.2164E-07	2.3131E+00	8.4890E-02
3.2770E-07	2.2991E+00	7.5455E-02
3.3387E-07	2.2846E+00	7.0850E-02
3.4016E-07	2.2727E+00	6.8438E-02
3.4657E-07	2.2623E+00	6.3965E-02
3.5310E-07	2.2524E+00	5.9838E-02
3.5976E-07	2.2430E+00	5.6106E-02
3.6653E-07	2.2342E+00	5.2575E-02
3.7344E-07	2.2259E+00	4.9079E-02
3.8048E-07	2.2180E+00	4.5771E-02
3.8764E-07	2.2105E+00	4.2570E-02
3.9495E-07	2.2032E+00	3.9735E-02
4.0239E-07	2.1963E+00	3.7077E-02
4.0997E-07	2.1898E+00	3.4591E-02
4.1769E-07	2.1835E+00	3.2150E-02
4.2556E-07	2.1775E+00	2.9938E-02
4.3358E-07	2.1718E+00	2.7862E-02
4.4175E-07	2.1663E+00	2.5847E-02
4.5008E-07	2.1610E+00	2.3992E-02
4.5856E-07	2.1559E+00	2.2260E-02
4.6720E-07	2.1510E+00	2.0672E-02
4.7600E-07	2.1464E+00	1.9160E-02
4.8497E-07	2.1419E+00	1.7776E-02
4.9410E-07	2.1375E+00	1.6424E-02
5.0341E-07	2.1334E+00	1.5261E-02
5.1290E-07	2.1294E+00	1.4182E-02
5.2256E-07	2.1255E+00	1.3182E-02
5.3241E-07	2.1218E+00	1.2206E-02
5.4244E-07	2.1182E+00	1.1465E-02
5.5266E-07	2.1149E+00	1.0744E-02
5.6307E-07	2.1116E+00	1.0065E-02
5.7368E-07	2.1085E+00	9.4780E-03
5.8449E-07	2.1056E+00	8.9580E-03
5.9550E-07	2.1028E+00	8.3860E-03
6.0672E-07	2.1001E+00	7.9760E-03
6.1815E-07	2.0975E+00	7.6600E-03
6.2980E-07	2.0951E+00	7.2660E-03
6.4167E-07	2.0928E+00	6.9220E-03
6.5376E-07	2.0906E+00	6.5990E-03
6.6607E-07	2.0885E+00	6.2560E-03
6.7862E-07	2.0865E+00	6.1200E-03
6.9141E-07	2.0847E+00	5.6870E-03
7.0444E-07	2.0829E+00	5.3390E-03
7.1771E-07	2.0810E+00	4.9170E-03
7.3123E-07	2.0793E+00	4.7650E-03
7.4501E-07	2.0776E+00	4.4740E-03
7.5905E-07	2.0760E+00	4.2880E-03
7.7335E-07	2.0745E+00	4.1050E-03
7.8792E-07	2.0731E+00	3.9270E-03
8.0276E-07	2.0717E+00	3.7520E-03
8.1789E-07	2.0704E+00	3.5800E-03
8.3330E-07	2.0691E+00	3.4170E-03
8.4900E-07	2.0679E+00	3.2640E-03
8.6500E-07	2.0667E+00	3.1130E-03
8.8129E-07	2.0656E+00	2.9650E-03
8.9790E-07	2.0645E+00	2.8190E-03
9.1481E-07	2.0635E+00	2.6760E-03
9.3205E-07	2.0625E+00	2.5350E-03
9.4961E-07	2.0615E+00	2.3970E-03
9.6750E-07	2.0606E+00	2.2600E-03
9.8573E-07	2.0597E+00	2.1260E-03
1.0043E-06	2.0589E+00	1.9930E-03
1.0232E-06	2.0580E+00	1.8830E-03
1.0425E-06	2.0572E+00	1.7910E-03
1.0622E-06	2.0564E+00	1.7020E-03
1.0822E-06	2.0557E+00	1.6140E-03
1.1026E-06	2.0550E+00	1.5270E-03
1.1233E-06	2.0543E+00	1.4420E-03
1.1445E-06	2.0536E+00	1.3590E-03
1.1661E-06	2.0530E+00	1.2770E-03
1.1880E-06	2.0524E+00	1.1970E-03
1.2104E-06	2.0518E+00	1.1180E-03
1.2332E-06	2.0512E+00	1.0400E-03
1.2565E-06	2.0506E+00	9.7400E-04
1.2801E-06	2.0501E+00	9.1200E-04
1.3042E-06	2.0496E+00	8.5200E-04
1.3288E-06	2.0490E+00	8.0700E-04
1.3539E-06	2.0485E+00	7.9000E-04
1.3794E-06	2.0481E+00	7.7300E-04
1.4054E-06	2.0476E+00	7.5700E-04
1.4318E-06	2.0472E+00	7.4100E-04
1.4588E-06	2.0468E+00	7.2500E-04
1.4863E-06	2.0464E+00	7.1000E-04
1.5143E-06	2.0460E+00	6.9400E-04
