4e-07 1.7058624760717358 1.069181732784166
4.066066066066066e-07 1.67241493539171 1.0944953630260468
4.132132132132132e-07 1.639326759004361 1.122185178426444
4.198198198198198e-07 1.6067686285964622 1.1521967392676067
4.264264264264264e-07 1.5749106724606334 1.1844589869797393
4.33033033033033e-07 1.5439190950454447 1.2188827093432233
4.3963963963963963e-07 1.5139523032030713 1.2553600114020933
4.4624624624624625e-07 1.485156852821661 1.2937649359707077
4.528528528528528e-07 1.4576635885217268 1.3339552597920683
4.594594594594594e-07 1.4315843463690998 1.3757753553190066
4.6606606606606604e-07 1.4070095293774094 1.4190598801478425
4.7267267267267266e-07 1.3840067568959513 1.4636379630744727
4.792792792792793e-07 1.3626206535147098 1.5093375161644325
4.858858858858858e-07 1.342873708609802 1.5559893208938633
4.924924924924925e-07 1.3247680292473016 1.6034306037336605
4.990990990990991e-07 1.308287742559809 1.6515079130479053
5.057057057057056e-07 1.2934017825201678 1.7000792125474942
5.123123123123123e-07 1.2800668135154492 1.7490151980545938
5.189189189189189e-07 1.2682300865570886 1.7981999125456907
5.255255255255255e-07 1.2578320794357183 1.8475307756957846
5.321321321321321e-07 1.2488088280215617 1.896918160822203
5.387387387387387e-07 1.2410939045263831 1.9462846499812718
5.453453453453453e-07 1.2346200361524884 1.9955640837119852
5.519519519519519e-07 1.2293203835202076 2.0447005015652877
5.585585585585586e-07 1.2251295138770948 2.0936470476479747
5.651651651651651e-07 1.2219841115304455 2.142364894879117
5.717717717717717e-07 1.219823469548767 2.1908222240626154
5.783783783783784e-07 1.2185898046255554 2.2389932797791094
5.849849849849849e-07 1.2182284327298596 2.2868575144197703
5.915915915915916e-07 1.2186878379630182 2.3343988240105538
5.981981981981982e-07 1.2199196616790247 2.3816048742628886
6.048048048048047e-07 1.2218786338743015 2.428466511981739
6.114114114114114e-07 1.2245224643542927 2.474977255069081
6.18018018018018e-07 1.2278117073331767 2.521132853469342
6.246246246246246e-07 1.2317096099212685 2.566930913191026
6.312312312312312e-07 1.2361819523532986 2.6123705757631615
6.378378378378378e-07 1.2411968857365037 2.6574522459709224
6.444444444444443e-07 1.2467247714700203 2.702177361338661
6.51051051051051e-07 1.2527380252284226 2.746548197507898
6.576576576576577e-07 1.2592109674421281 2.790567704338707
6.642642642642642e-07 1.2661196814848854 2.834239368212731
6.708708708708708e-07 1.2734418802427827 2.8775670966163576
6.774774774774774e-07 1.281156781348396 2.9205551216247234
6.84084084084084e-07 1.2892449910842938 2.9632079193888474
6.906906906906907e-07 1.2976883967654196 3.0055301431508052
6.972972972972973e-07 1.3064700672790126 3.0475265676792995
7.039039039039038e-07 1.3155741613773897 3.089202043335098
7.105105105105104e-07 1.3249858432705874 3.130561458248011
7.17117117117117e-07 1.3346912050429238 3.1716097073197425
7.237237237237237e-07 1.3446771954127488 3.2123516669651275
7.303303303303303e-07 1.3549315543624694 3.2527921746726363
7.369369369369368e-07 1.3654427531823001 3.2929360126078233
7.435435435435434e-07 1.376199939493013 3.3327878946042837
7.501501501501501e-07 1.3871928868380883 3.3723524559889735
7.567567567567568e-07 1.3984119484623776 3.411634245775142
7.633633633633633e-07 1.4098480149216486 3.450637720829212
7.699699699699699e-07 1.4214924751942903 3.4893672416795254
7.765765765765764e-07 1.4333371809925204 3.527827069687027
7.831831831831831e-07 1.4453744139953042 3.5660213653418698
7.897897897897898e-07 1.4575968557486165 3.60395418748711
7.963963963963963e-07 1.4699975600006105 3.6416294933019913
8.030030030030029e-07 1.482569927259556 3.679051138903807
8.096096096096095e-07 1.4953076813812174 3.716222880449758
8.162162162162161e-07 1.5082048480095982 3.753148375639113
8.228228228228228e-07 1.5212557347107805 3.7898311855319564
8.294294294294294e-07 1.5344549126540818 3.826274776614396
8.360360360360359e-07 1.5477971997078963 3.8624825230514648
8.426426426426425e-07 1.5612776448296175 3.898457709078672
8.492492492492492e-07 1.5748915136399437 3.9342035314913133
8.558558558558558e-07 1.5886342750817701 3.9697231021975763
8.624624624624624e-07 1.6025015890728849 4.005019450807331
8.69069069069069e-07 1.6164892950698369 4.040095527233411
8.756756756756755e-07 1.6305934014677257 4.074954204286408
8.822822822822822e-07 1.6448100757674193 4.109598280247483
8.888888888888888e-07 1.6591356354477196 4.144030481406727
8.954954954954954e-07 1.6735665394855865 4.178253464557045
9.02102102102102e-07 1.6880993804724425 4.212269819435725
9.087087087087087e-07 1.702730877279204 4.246082071107555
9.153153153153152e-07 1.7174578682267228 4.279692682284894
9.219219219219218e-07 1.7322773047220925 4.313104055581335
9.285285285285285e-07 1.7471862453246616 4.346318535696625
9.35135135135135e-07 1.7621818502086504 4.379338411531369
9.417417417417417e-07 1.7772613759920841 4.412165918230828
9.483483483483483e-07 1.7924221709042971 4.444803239157605
9.549549549549547e-07 1.8076616702665518 4.477252507793607
9.615615615615615e-07 1.8229773922624588 4.509515809571993
9.68168168168168e-07 1.8383669339767532 4.541595183640155
9.747747747747748e-07 1.8538279676827771 4.5734926245550875
9.813813813813814e-07 1.8693582373605768 4.605210083912601
9.87987987987988e-07 1.8849555554289783 4.63674947191209
9.945945945945945e-07 1.9006177996763565 4.668112658858613
1.001201201201201e-06 1.9163429103759835 4.69930147660416
1.0078078078078077e-06 1.932128887572986 4.7303177199300395
1.0144144144144142e-06 1.9479737885309376 4.761163147872315
1.0210210210210208e-06 1.963875725327028 4.791839484992307
1.0276276276276276e-06 1.979832862585626 4.822348422594088
1.0342342342342341e-06 1.9958434153407962 4.852691619890954
1.040840840840841e-06 2.0119056470190873 4.882870705122832
1.0474474474474475e-06 2.0280178675345124 4.912887276626465
1.054054054054054e-06 2.044178431488283 4.942742903860309
1.0606606606606606e-06 2.0603857364663867 4.972439128385929
1.0672672672672672e-06 2.076638221428627 5.001977464807677
1.0738738738738737e-06 2.0929343651831718 5.031359401672382
1.0804804804804803e-06 2.109272684941145 5.060586402330725
1.0870870870870868e-06 2.125651734946122 5.089659905761916
1.0936936936936936e-06 2.1420701051738273 5.1185813273632474
1.1003003003003002e-06 2.1585264200975893 5.147352059706001
1.106906906906907e-06 2.175019337515494 5.175973473259225
1.1135135135135135e-06 2.1915475474354142 5.204446917082712
1.12012012012012e-06 2.2081097710143673 5.2327737194905835
1.1267267267267266e-06 2.224704759548912 5.260955188686715
1.1333333333333332e-06 2.241331293513507 5.288992613373324
1.1399399399399398e-06 2.2579881816439618 5.31688726333381
1.1465465465465463e-06 2.274674260063318 5.344640389991091
1.153153153153153e-06 2.2913883914476587 5.372253226942452
1.1597597597597597e-06 2.3081294642295287 5.399726990471994
1.1663663663663662e-06 2.324896391836791 5.427062880041684
1.172972972972973e-06 2.3416881119648836 5.45426207876195
1.1795795795795796e-06 2.3585035858805905 5.481325753842745
1.1861861861861861e-06 2.3753417977555396 5.50825505702597
1.1927927927927927e-06 2.392201754027781 5.535051125000083
1.1993993993993993e-06 2.409082482789889 5.561715079797696
1.2060060060060058e-06 2.425983033202121 5.588248029176926
1.2126126126126124e-06 2.4429024749292845 5.614651066987245
1.219219219219219e-06 2.459839897600036 5.640925273520519
1.2258258258258257e-06 2.4767944102873996 5.667071715847892
1.2324324324324323e-06 2.4937651410093946 5.693091448143175
1.239039039039039e-06 2.5107512362487188 5.7189855119933375
1.2456456456456456e-06 2.5277518604904796 5.744754936696676
1.2522522522522522e-06 2.5447661957770773 5.770400739549243
1.2588588588588588e-06 2.561793441279326 5.795923926120015
1.2654654654654653e-06 2.57883281288303 5.821325490515361
1.272072072072072e-06 2.5958835427902107 5.84660641563326
1.2786786786786785e-06 2.6129448791342895 5.8717676734077315
1.285285285285285e-06 2.6300160856085077 5.896810225043934
1.2918918918918918e-06 2.647096441106976 5.921735021244334
1.2984984984984984e-06 2.6641852393777214 5.9465430024263455
1.3051051051051051e-06 2.6812817886871776 5.971235098931852
1.3117117117117117e-06 2.698385411495562 5.9958122312289195
1.3183183183183183e-06 2.7154954441426566 6.0202753101061095
1.3249249249249248e-06 2.7326112365434936 6.044625236859677
1.3315315315315314e-06 2.7497321518934945 6.068862903473989
1.338138138138138e-06 2.766857566382667 6.0929891927954865
1.3447447447447445e-06 2.7839868689183973 6.117004978700417
1.351351351351351e-06 2.8011194608565293 6.140911126256683
1.3579579579579579e-06 2.8182547557403126 6.164708491880036
1.3645645645645644e-06 2.8353921790469045 6.188397923484845
1.371171171171171e-06 2.852531167941115 6.211980260629725
1.3777777777777776e-06 2.869671171036063 6.23545633465822
1.3843843843843843e-06 2.886811648160477 6.258826968834773
1.3909909909909909e-06 2.9039520701323607 6.282092978476171
1.3975975975975975e-06 2.9210919185387647 6.3052551710787
1.404204204204204e-06 2.938230685521424 6.328314346441165
1.4108108108108106e-06 2.955367873568019 6.3512712967839535
1.4174174174174174e-06 2.9725029953088526 6.3741268068643615
1.424024024024024e-06 2.9896355733187243 6.396881654088277
1.4306306306306305e-06 3.0067651399238153 6.419536608618444
1.437237237237237e-06 3.023891237013381 6.442092433479398
1.4438438438438436e-06 3.041013415856077 6.464549884659274
1.4504504504504504e-06 3.058131236920764 6.486909711208568
1.457057057057057e-06 3.0752442697016074 6.5091726553360205
1.4636636636636635e-06 3.092352092547334 6.531339452501732
1.47027027027027e-06 3.1094542924944895 6.553410831507623
1.4768768768768766e-06 3.1265504651045672 6.575387514585373
1.4834834834834834e-06 3.143640214304864 6.597270217481906
1.49009009009009e-06 3.16072315223295 6.619059649542584
1.4966966966966965e-06 3.1777988990846286 6.640756513792147
1.5033033033033031e-06 3.194867082965254 6.662361507013535
1.5099099099099097e-06 3.2119273397443346 6.683875319824655
1.5165165165165164e-06 3.228979312913277 6.705298636753209
1.523123123123123e-06 3.2460226534461922 6.726632136309624
1.5297297297297296e-06 3.263057019663681 6.747876491058195
1.5363363363363361e-06 3.280082077099474 6.769032367686501
1.5429429429429427e-06 3.2970974983698653 6.790100427073171
1.5495495495495495e-06 3.314102963045855 6.811081324354056
1.556156156156156e-06 3.3310981575279084 6.83197570898689
1.5627627627627626e-06 3.348082774923264 6.852784224814481
1.5693693693693692e-06 3.365056514925719 6.873507510126506
1.5759759759759757e-06 3.3820190836978177 6.894146197719963
1.5825825825825825e-06 3.398970193755377 6.914700914958328
1.589189189189189e-06 3.415909563854288 6.935172283829468
1.5957957957957956e-06 3.4328369188795276 6.955560921002376
1.6024024024024022e-06 3.4497519897363262 6.9758674378827425
1.6090090090090088e-06 3.466654513243426 6.996092440667443
1.6156156156156155e-06 3.4835442320283847 7.0162365303979595
1.622222222222222e-06 3.5004208944248667 7.036300303012778
1.6288288288288287e-06 3.517284254371876 7.056284349398816
1.6354354354354352e-06 3.5341340713148743 7.076189255441918
1.6420420420420418e-06 3.550970110108747 7.096015602076407
1.6486486486486486e-06 3.567792140922562 7.115763965333807
1.6552552552552551e-06 3.584599939146089 7.135434916390695
1.6618618618618617e-06 3.60139328529803 7.1550290216157455
1.6684684684684683e-06 3.6181719649359203 7.17454684261601
1.6750750750750748e-06 3.634935768567667 7.193988936282418
1.6816816816816816e-06 3.65168449156468 7.213355854834566
1.6882882882882882e-06 3.668417934076569 7.232648145864803
1.6948948948948947e-06 3.6851359009473565 7.25186635238164
1.7015015015015013e-06 3.701838201633192 7.271011012852485
1.7081081081081079e-06 3.718524650121516 7.290082661245784
1.7147147147147146e-06 3.735195064851658 7.309081827072502
1.7213213213213212e-06 3.751849268636824 7.328009035427055
1.7279279279279278e-06 3.7684870885874546 7.346864807027646
1.7345345345345343e-06 3.7851083560359235 7.365649658256044
1.7411411411411409e-06 3.80171290646253 7.3843641011968515
1.7477477477477477e-06 3.818300579422801 7.40300864367622
1.7543543543543542e-06 3.8348712184760245 7.4215837893000804
1.7609609609609608e-06 3.8514246711150215 7.440090037491879
1.7675675675675674e-06 3.8679607886971388 7.458527883529839
1.774174174174174e-06 3.8844794263763944 7.47689781858377
1.7807807807807807e-06 3.900980443036816 7.495200329751405
1.7873873873873873e-06 3.9174637012268807 7.513435900094335
1.7939939939939938e-06 3.9339290670951033 7.531605008673493
1.8006006006006004e-06 3.950376410326692 7.549708130584248
1.807207207207207e-06 3.966805604081282 7.5677457369910766
1.8138138138138137e-06 3.9832165249317315 7.5857182951618745
1.8204204204204203e-06 3.999609052803929 7.603626268501842
1.8270270270270268e-06 4.015983070917642 7.621470116587062
1.8336336336336334e-06 4.03233846572832 7.63925029519765
1.84024024024024e-06 4.048675126869918 7.656967256350608
1.8468468468468467e-06 4.064992947098639 7.674621448332291
1.8534534534534533e-06 4.081291822237633 7.692213315730566
1.8600600600600599e-06 4.097571651122626 7.70974329946663
1.8666666666666664e-06 4.113832335548442 7.727211836826506
1.873273273273273e-06 4.130073780216417 7.744619361492232
1.8798798798798798e-06 4.1462958926827005 7.761966303572735
1.8864864864864863e-06 4.162498583307394 7.779253089634401
1.893093093093093e-06 4.178681765204555 7.796480142731364
1.8996996996996995e-06 4.194845354193019 7.813647882435496
1.906306306306306e-06 4.210989268748029 7.8307567248661005
1.912912912912913e-06 4.227113429953687 7.847807082719357
1.9195195195195194e-06 4.243217761456166 7.8647993652974675
1.926126126126126e-06 4.259302189417716 7.8817339785375395
1.9327327327327325e-06 4.275366642471418 7.898611325040218
1.939339339339339e-06 4.2914110516766915 7.915431804098039
1.9459459459459456e-06 4.307435350475528 7.93219581172354
1.952552552552552e-06 4.3234394746494536 7.9489037406771255
1.9591591591591588e-06 4.339423362277199 7.965555980494661
1.9657657657657653e-06 4.355386953693073 7.982152917514855
1.972372372372372e-06 4.371330191445996 7.998694934906378
1.978978978978979e-06 4.387253020259251 8.01518241269476
1.9855855855855854e-06 4.403155386990855 8.031615727789045
1.992192192192192e-06 4.419037240594615 8.047995254008221
1.9987987987987986e-06 4.434898532081806 8.064321362107432
2.005405405405405e-06 4.450739214483481 8.080594419803946
2.012012012012012e-06 4.466559242813415 8.096814791802926
2.0186186186186187e-06 4.48235857403164 8.112982839822969
2.0252252252252252e-06 4.4981371670086014 8.129098922621429
2.031831831831832e-06 4.513894982489879 8.145163396019548
2.0384384384384384e-06 4.529631983061516 8.161176612927346
2.045045045045045e-06 4.545348133115892 8.177138923368325
2.0516516516516515e-06 4.561043398818185 8.193050674503972
2.058258258258258e-06 4.576717748073357 8.20891221065804
2.0648648648648646e-06 4.592371150493714 8.22472387334064
2.071471471471471e-06 4.608003577366974 8.240486001272142
2.0780780780780778e-06 4.6236150016248745 8.256198930406866
2.0846846846846843e-06 4.639205397812297 8.271862993956574
2.091291291291291e-06 4.654774742056898 8.287478522413805
2.0978978978978974e-06 4.670323012039244 8.303045843574969
2.104504504504504e-06 4.685850186963431 8.318565282563283
2.111111111111111e-06 4.7013562475282065 8.33403716185153
2.1177177177177176e-06 4.716841175898543 8.349461801284601
2.124324324324324e-06 4.732304955677707 8.36483951810187
2.1309309309309307e-06 4.747747571879778 8.380170626959398
2.1375375375375372e-06 4.763169010902612 8.395455439951938
2.1441441441441442e-06 4.778569260501277 8.410694266634765
2.150750750750751e-06 4.793948309761899 8.42588741404534
2.1573573573573574e-06 4.809306149075972 8.441035186724786
2.163963963963964e-06 4.82464277011507 8.456137886739198
2.1705705705705705e-06 4.83995816580598 8.471195813700769
2.177177177177177e-06 4.8552523303062705 8.486209264788764
2.1837837837837836e-06 4.870525258980237 8.501178534770299
2.19039039039039e-06 4.885776948375262 8.51610391602097
2.1969969969969967e-06 4.90100739619857 8.530985698545306
2.2036036036036033e-06 4.91621660129436 8.545824169997063
2.21021021021021e-06 4.9314045636213235 8.56061961569934
2.2168168168168164e-06 4.946571284230548 8.575372318664545
2.223423423423423e-06 4.96171676524376 8.590082559614192
2.2300300300300296e-06 4.976841009831962 8.604750616998535
2.236636636636636e-06 4.991944022194412 8.61937676701605
2.243243243243243e-06 5.007025807537951 8.63396128363274
2.2498498498498497e-06 5.02208637205668 8.64850443860131
2.2564564564564562e-06 5.037125722911986 8.663006501480162
2.263063063063063e-06 5.052143868212886 8.677467739652235
2.2696696696696694e-06 5.067140816996711 8.691888418343718
2.2762762762762764e-06 5.082116579210113 8.706268800642567
2.282882882882883e-06 5.097071165690386 8.720609147516907
2.2894894894894895e-06 5.112004588147112 8.734909717833263
2.296096096096096e-06 5.126916859144095 8.749170768374645
2.3027027027027026e-06 5.141807992081626 8.763392553858491
2.309309309309309e-06 5.1566780011790225 8.777575326954448
2.3159159159159157e-06 5.171526901457481 8.79171933830202
2.3225225225225223e-06 5.186354708723202 8.805824836528057
2.329129129129129e-06 5.201161439550814 8.819892068264116
2.3357357357357354e-06 5.21594711126707 8.833921278163661
2.342342342342342e-06 5.230711741934825 8.84791270891913
2.3489489489489486e-06 5.245455350337275 8.861866601278857
2.355555555555555e-06 5.260177955962482 8.875783194063846
2.362162162162162e-06 5.274879578988139 8.889662724184433
2.3687687687687687e-06 5.289560240266606 8.90350542665676
2.3753753753753752e-06 5.304219961310212 8.917311534619168
2.381981981981982e-06 5.318858764276768 8.9310812793484
2.3885885885885884e-06 5.33347667195538 8.944814890275708
2.395195195195195e-06 5.348073707752465 8.958512595002807
2.4018018018018015e-06 5.362649895678014 8.972174619317686
2.408408408408408e-06 5.377205260332101 8.985801187210313
2.4150150150150146e-06 5.3917398268916115 8.999392520888179
2.421621621621621e-06 5.406253621097203 9.012948840791728
2.428228228228228e-06 5.420746669240491 9.026470365609653
2.4348348348348347e-06 5.435218998151439 9.039957312294051
2.4414414414414413e-06 5.449670635185999 9.05340989607548
2.448048048048048e-06 5.464101608213928 9.066828330477845
2.4546546546546544e-06 5.478511945606838 9.080212827333192
2.461261261261261e-06 5.492901676226441 9.093563596796368
2.4678678678678675e-06 5.507270829412996 9.106880847359532
2.474474474474474e-06 5.521619434973968 9.120164785866589
2.4810810810810807e-06 5.535947523172879 9.133415617527454
2.4876876876876872e-06 5.550255124718324 9.14663354593222
2.4942942942942942e-06 5.564542270753232 9.159818773065203
2.500900900900901e-06 5.578808992844262 9.172971499318846
2.5075075075075074e-06 5.593055322971415 9.186091923507538
2.514114114114114e-06 5.607281293517811 9.199180242881283
2.5207207207207205e-06 5.621486937259652 9.212236653139266
2.527327327327327e-06 5.635672287356357 9.225261348443297
2.5339339339339336e-06 5.649837377340868 9.238254521431148
2.54054054054054e-06 5.663982241110133 9.251216363229759
2.5471471471471467e-06 5.678106912915744 9.264147063468343
2.5537537537537533e-06 5.69221142735475 9.277046810291367
2.5603603603603603e-06 5.7062958193606255 9.289915790371438
2.566966966966967e-06 5.7203601241943955 9.302754188922052
2.5735735735735734e-06 5.7344043774359275 9.315562189710246
2.58018018018018e-06 5.748428614975367 9.328339975069147
2.5867867867867865e-06 5.76243287300473 9.341087725910402
2.593393393393393e-06 5.776417188009633 9.353805621736488
2.5999999999999997e-06 5.790381596761192 9.36649384065294
2.6066066066066062e-06 5.80432613630804 9.379152559380456
2.613213213213213e-06 5.818250843968502 9.3917819532669
2.6198198198198194e-06 5.83215575732291 9.404382196299185
2.6264264264264263e-06 5.846040914206043 9.416953461115092
2.633033033033033e-06 5.859906352699708 9.429495919014933
2.6396396396396395e-06 5.873752111125463 9.442009739973152
2.646246246246246e-06 5.887578228037458 9.454495092649799
2.6528528528528526e-06 5.901384742215403 9.466952144401922
2.659459459459459e-06 5.915171692657671 9.479381061294847
2.6660660660660657e-06 5.928939118574533 9.491782008113345
2.6726726726726723e-06 5.942687059381485 9.504155148372744
2.679279279279279e-06 5.956415554692728 9.51650064432989
2.6858858858858854e-06 5.970124644314738 9.528818656994051
2.6924924924924924e-06 5.983814368239991 9.541109346137697
2.699099099099099e-06 5.997484766640746 9.5533728703072
2.7057057057057055e-06 6.011135879862997 9.565609386833444
2.712312312312312e-06 6.024767748420502 9.577819051842319
2.7189189189189187e-06 6.038380412988928 9.59000202026514
2.7255255255255252e-06 6.051973914400102 9.602158445848978
2.732132132132132e-06 6.065548293636382 9.614288481166863
2.7387387387387384e-06 6.079103591825106 9.626392277627952
2.745345345345345e-06 6.09263985023316 9.638469985487552
2.7519519519519515e-06 6.106157110261646 9.650521753857094
2.7585585585585585e-06 6.119655413440638 9.662547730713996
2.765165165165165e-06 6.133134801424048 9.67454806291144
2.7717717717717716e-06 6.146595315984578 9.686522896188071
2.778378378378378e-06 6.160036999008766 9.698472375177603
2.7849849849849847e-06 6.173459892492129 9.71039664341833
2.7915915915915913e-06 6.186864038534398 9.722295843362575
2.798198198198198e-06 6.200249479334824 9.734170116386036
2.8048048048048044e-06 6.213616257187606 9.746019602797038
2.811411411411411e-06 6.226964414477366 9.757844441845739
2.8180180180180175e-06 6.240293993674745 9.76964477173322
2.8246246246246245e-06 6.253605037332046 9.781420729620505
2.831231231231231e-06 6.266897588078996 9.793172451637489
2.8378378378378377e-06 6.280171688618559 9.804900072891817
2.8444444444444442e-06 6.293427381722846 9.816603727477645
2.8510510510510508e-06 6.30666471022909 9.828283548484345
2.8576576576576573e-06 6.319883717035716 9.839939668005124
2.864264264264264e-06 6.333084445098461 9.851572217145566
2.8708708708708705e-06 6.3462669374265905 9.863181326032102
2.877477477477477e-06 6.3594312370791775 9.874767123820392
2.8840840840840836e-06 6.372577387161456 9.886329738703648
2.8906906906906906e-06 6.385705430821242 9.897869297920863
2.897297297297297e-06 6.3988154112454225 9.909385927764985
2.9039039039039037e-06 6.411907371656526 9.920879753590995
2.9105105105105103e-06 6.424981355309336 9.932350899823941
2.917117117117117e-06 6.438037405487598 9.943799489966864
2.9237237237237234e-06 6.451075565500767 9.955225646608685
2.93033033033033e-06 6.464095878680837 9.966629491432005
2.9369369369369365e-06 6.477098388379215 9.97801114522083
2.943543543543543e-06 6.490083137963679 9.989370727868232
2.9501501501501497e-06 6.503050170815375 10.000708358383953
2.9567567567567567e-06 6.515999530325888 10.012024154901916
2.9633633633633632e-06 6.528931259894361 10.023318234687675
2.9699699699699698e-06 6.541845402924687 10.034590714145825
2.9765765765765763e-06 6.554742002822734 10.045841708827297
2.983183183183183e-06 6.567621102993648 10.05707133343663
2.9897897897897895e-06 6.580482746839203 10.068279701839147
2.996396396396396e-06 6.593326977755189 10.079466927068088
3.0030030030030026e-06 6.606153839128897 10.09063312133166
3.009609609609609e-06 6.618963374336589 10.101778396020043
3.0162162162162157e-06 6.63175562674108 10.112902861712303
3.0228228228228227e-06 6.644530639689349 10.12400662818328
3.0294294294294293e-06 6.6572884565101775 10.135089804410375
3.036036036036036e-06 6.6700291205118765 10.146152498580314
3.0426426426426424e-06 6.682752674980023 10.15719481809581
3.049249249249249e-06 6.695459163175274 10.168216869582206
3.0558558558558555e-06 6.708148628331209 10.179218758894017
3.062462462462462e-06 6.720821113652219 10.190200591121448
3.0690690690690687e-06 6.733476662311446 10.201162470596827
3.0756756756756752e-06 6.746115317448769 10.212104500900999
3.0822822822822818e-06 6.758737122168812 10.223026784869642
3.0888888888888888e-06 6.771342119539031 10.23392942459955
3.0954954954954953e-06 6.783930352587804 10.244812521454833
3.102102102102102e-06 6.796501864302588 10.255676176073075
3.1087087087087085e-06 6.809056697628103 10.266520488371452
3.115315315315315e-06 6.821594895464565 10.277345557552747
3.1219219219219216e-06 6.834116500665951 10.288151482111365
3.128528528528528e-06 6.846621556038297 10.298938359839255
3.1351351351351347e-06 6.859110104338051 10.309706287831796
3.1417417417417413e-06 6.871582188270447 10.320455362493629
3.148348348348348e-06 6.884037850487913 10.331185679544427
3.154954954954955e-06 6.896477133588545 10.341897334024619
3.1615615615615614e-06 6.908900080114558 10.352590420301063
3.168168168168168e-06 6.921306732550838 10.363265032072661
3.1747747747747745e-06 6.93369713332348 10.37392126237594
3.181381381381381e-06 6.946071324798381 10.384559203590555
3.1879879879879877e-06 6.95842934927985 10.395178947444762
3.1945945945945942e-06 6.970771249009274 10.405780585020839
3.2012012012012008e-06 6.983097066163793 10.416364206760464
3.2078078078078073e-06 6.995406842855013 10.426929902470015
3.214414414414414e-06 7.007700621127752 10.437477761325855
3.221021021021021e-06 7.019978442958822 10.448007871879561
3.2276276276276275e-06 7.032240350255817 10.45852032206309
3.234234234234234e-06 7.044486384855962 10.469015199193917
3.2408408408408406e-06 7.056716588524963 10.47949258998012
3.247447447447447e-06 7.068931002955904 10.489952580525415
3.2540540540540537e-06 7.081129669768153 10.500395256334137
3.2606606606606603e-06 7.093312630506313 10.510820702316218
3.267267267267267e-06 7.105479926639194 10.521229002792051
3.2738738738738734e-06 7.117631599558794 10.53162024149738
3.28048048048048e-06 7.129767690579339 10.541994501588098
3.287087087087087e-06 7.141888240936316 10.552351865645017
3.2936936936936935e-06 7.153993291785544 10.562692415678598
3.3003003003003e-06 7.166082884202272 10.573016233133645
3.3069069069069066e-06 7.178157059180301 10.583323398893928
3.313513513513513e-06 7.19021585763112 10.593613993286807
3.3201201201201198e-06 7.202259320383068 10.603888096087768
3.3267267267267263e-06 7.214287488180531 10.614145786524956
3.333333333333333e-06 7.226300401683141 10.624387143283647
3.3399399399399395e-06 7.2382981014650145 10.634612244510686
3.346546546546546e-06 7.250280628013995 10.644821167818883
3.353153153153153e-06 7.262248021730943 10.655013990291362
3.3597597597597596e-06 7.274200322929007 10.6651907884859
3.366366366366366e-06 7.286137571832958 10.675351638439178
3.3729729729729727e-06 7.298059808578511 10.685496615671045
3.3795795795795793e-06 7.309967073211684 10.695625795188711
3.386186186186186e-06 7.321859405688165 10.705739251490904
3.3927927927927924e-06 7.333736845872711 10.71583705857201
3.399399399399399e-06 7.3455994335385455 10.725919289926157
3.4060060060060055e-06 7.357447208366802 10.735986018551262
3.412612612612612e-06 7.369280209945949 10.746037316953057
3.419219219219219e-06 7.381098477771276 10.756073257149074
3.4258258258258256e-06 7.392902051244355 10.766093910672568
3.432432432432432e-06 7.404690969672547 10.776099348576446
3.4390390390390388e-06 7.416465272268512 10.786089641437144
3.4456456456456453e-06 7.428224998149741 10.796064859358443
3.452252252252252e-06 7.439970186338093 10.806025071975304
3.4588588588588585e-06 7.451700875759373 10.815970348457618
3.465465465465465e-06 7.463417105242888 10.825900757513951
3.4720720720720716e-06 7.475118913521058 10.835816367395251
3.478678678678678e-06 7.486806339229008 10.845717245898504
3.485285285285285e-06 7.498479420904197 10.855603460370403
3.4918918918918917e-06 7.510138196986047 10.865475077710913
3.4984984984984983e-06 7.521782705815593 10.875332164376882
3.505105105105105e-06 7.533412985635157 10.885174786385555
3.5117117117117114e-06 7.545029074588008 10.895003009318101
3.518318318318318e-06 7.556631010718062 10.90481689832308
3.5249249249249245e-06 7.568218831969584 10.914616518119901
3.531531531531531e-06 7.579792576186893 10.924401933002228
3.5381381381381376e-06 7.591352281114105 10.93417320684138
3.544744744744744e-06 7.60289798439486 10.943930403089674
3.551351351351351e-06 7.614429723572089 10.953673584783752
3.5579579579579578e-06 7.625947536087752 10.963402814547894
3.5645645645645643e-06 7.637451459282645 10.973118154597268
3.571171171171171e-06 7.648941530396165 10.982819666741175
3.5777777777777775e-06 7.660417786566113 10.992507412386262
3.584384384384384e-06 7.671880264828509 11.002181452539693
3.5909909909909906e-06 7.683329002117404 11.011841847812322
3.597597597597597e-06 7.69476403526471 11.021488658421791
3.6042042042042037e-06 7.70618540100005 11.031121944195656
3.6108108108108103e-06 7.7175931359505965 11.040741764574435
3.6174174174174173e-06 7.7289872766409395 11.050348178614659
3.624024024024024e-06 7.740367859492954 11.059941244991895
3.6306306306306304e-06 7.7517349208256805 11.069521022003723
3.637237237237237e-06 7.763088496855214 11.079087567572708
3.6438438438438435e-06 7.7744286236945985 11.088640939249338
3.65045045045045e-06 7.785755337353746 11.098181194214924
3.6570570570570566e-06 7.7970686737393375 11.107708389284495
3.663663663663663e-06 7.808368668654756 11.117222580909656
3.6702702702702698e-06 7.8196553578000225 11.12672382518143
3.6768768768768763e-06 7.830928776771724 11.136212177833045
3.6834834834834833e-06 7.842188961062986 11.145687694242753
3.69009009009009e-06 7.853435946063407 11.155150429436555
3.6966966966966964e-06 7.864669767059036 11.164600438090964
3.703303303303303e-06 7.875890459232345 11.174037774535712
3.7099099099099096e-06 7.8870980576622065 11.183462492756421
3.716516516516516e-06 7.898292597323886 11.192874646397302
3.7231231231231227e-06 7.909474113089031 11.202274288763759
3.7297297297297293e-06 7.920642639725678 11.211661472825037
3.736336336336336e-06 7.931798211898265 11.221036251216804
3.7429429429429424e-06 7.9429408641676345 11.230398676243722
3.7495495495495494e-06 7.954070630991073 11.239748799882008
3.756156156156156e-06 7.96518754672233 11.249086673781953
3.7627627627627625e-06 7.976291645611648 11.258412349270438
3.769369369369369e-06 7.987382961805825 11.267725877353405
3.7759759759759756e-06 7.998461529348243 11.277027308718335
3.782582582582582e-06 8.009527382178923 11.286316693736671
3.7891891891891888e-06 8.020580554134602 11.29559408246626
3.7957957957957953e-06 8.031621078948776 11.304859524653743
3.802402402402402e-06 8.042648990251786 11.314113069736917
3.8090090090090085e-06 8.053664321570894 11.323354766847123
3.815615615615615e-06 8.064667106330354 11.332584664811556
3.822222222222222e-06 8.075657377851517 11.341802812155604
3.828828828828828e-06 8.086635169352899 11.351009257105124
3.835435435435435e-06 8.097600513950308 11.360204047588738
3.842042042042041e-06 8.108553444656922 11.369387231240076
3.848648648648648e-06 8.11949399438341 11.378558855400023
3.855255255255254e-06 8.130422195938031 11.387718967118934
3.861861861861861e-06 8.141338082026772 11.396867613158832
3.8684684684684675e-06 8.152241685253445 11.406004839995592
3.875075075075074e-06 8.16313303811983 11.415130693821101
3.881681681681681e-06 8.174012173025798 11.424245220545396
3.888288288288288e-06 8.184879122269441 11.433348465798804
3.894894894894895e-06 8.195733918047218 11.442440474934024
3.901501501501501e-06 8.206576592454097 11.451521293028234
3.908108108108108e-06 8.21740717748369 11.460590964885164
3.914714714714714e-06 8.22822570502842 11.46964953503713
3.921321321321321e-06 8.239032206879662 11.478697047747085
3.9279279279279274e-06 8.2498267147279 11.487733547010631
3.934534534534534e-06 8.260609260162902 11.496759076558016
3.9411411411411406e-06 8.271379874673865 11.505773679856127
3.947747747747747e-06 8.282138589649596 11.514777400110441
3.9543543543543545e-06 8.292885436378686 11.523770280266993
3.960960960960961e-06 8.303620446049669 11.53275236301429
3.967567567567568e-06 8.314343649751216 11.541723690785242
3.974174174174174e-06 8.325055078472307 11.550684305759056
3.980780780780781e-06 8.335754763102413 11.559634249863116
3.987387387387387e-06 8.346442734431697 11.56857356477486
3.993993993993994e-06 8.357119023151183 11.577502291923626
4.0006006006006005e-06 8.367783659852964 11.586420472492486
4.007207207207207e-06 8.378436675030391 11.595328147420071
4.013813813813814e-06 8.389078099078276 11.604225357402376
4.02042042042042e-06 8.399707962293078 11.613112142894547
4.027027027027027e-06 8.41032629487313 11.621988544112654
4.033633633633633e-06 8.420933126918822 11.63085460103547
4.04024024024024e-06 8.43152848843282 11.63971035340618
4.0468468468468464e-06 8.442112409320277 11.648555840734142
4.053453453453453e-06 8.452684919389037 11.657391102296588
4.0600600600600596e-06 8.463246048349864 11.666216177140331
4.066666666666666e-06 8.47379582581664 11.67503110408345
4.073273273273273e-06 8.484334281306605 11.68383592171696
4.079879879879879e-06 8.494861444240561 11.692630668406476
4.086486486486486e-06 8.5053773439431 11.701415382293847
4.093093093093092e-06 8.515882009642837 11.710190101298803
4.099699699699699e-06 8.526375470472622 11.718954863120553
4.1063063063063055e-06 8.536857755469784 11.727709705239409
4.112912912912912e-06 8.547328893576351 11.736454664918359
4.119519519519519e-06 8.55778891363928 11.745189779204647
4.126126126126125e-06 8.568237844410705 11.75391508493135
4.132732732732732e-06 8.578675714548162 11.762630618718909
4.139339339339338e-06 8.589102552614818 11.77133641697668
4.145945945945945e-06 8.59951838707973 11.780032515904455
4.152552552552552e-06 8.609923246318068 11.788718951493975
4.159159159159159e-06 8.620317158611362 11.79739575953042
4.1657657657657654e-06 8.63070015214774 11.806062975593916
4.172372372372372e-06 8.64107225502219 11.814720635060992
4.1789789789789786e-06 8.651433495236775 11.823368773106042
4.185585585585585e-06 8.661783900700911 11.832007424702793
4.192192192192192e-06 8.67212349923159 11.840636624625729
4.198798798798798e-06 8.68245231855364 11.84925640745151
4.205405405405405e-06 8.692770386299982 11.857866807560413
4.212012012012011e-06 8.703077730011865 11.866467859137702
4.218618618618619e-06 8.71337437713913 11.875059596175047
4.225225225225225e-06 8.723660355040451 11.883642052471888
4.231831831831832e-06 8.733935690983607 11.892215261636805
4.2384384384384385e-06 8.744200412145727 11.900779257088885
4.245045045045045e-06 8.754454545613537 11.90933407205906
4.251651651651652e-06 8.764698118383636 11.917879739591427
4.258258258258258e-06 8.774931157362735 11.92641629254461
4.264864864864865e-06 8.78515368936793 11.934943763593038
4.271471471471471e-06 8.795365741126949 11.94346218522826
4.278078078078078e-06 8.805567339278417 11.951971589760241
4.2846846846846844e-06 8.815758510372124 11.960472009318629
4.291291291291291e-06 8.82593928086927 11.968963475854046
4.2978978978978976e-06 8.836109677142739 11.977446021139333
4.304504504504504e-06 8.846269725477361 11.985919676770799
4.311111111111111e-06 8.856419452070162 11.994384474169468
4.317717717717717e-06 8.866558883030647 12.00284044458231
4.324324324324324e-06 8.876688044381044 12.01128761908345
4.33093093093093e-06 8.886806962056585 12.019726028575388
4.337537537537537e-06 8.89691566190576 12.028155703790194
4.3441441441441435e-06 8.907014169690584 12.036576675290696
4.35075075075075e-06 8.917102511086865 12.044988973471666
4.357357357357357e-06 8.927180711684468 12.053392628560985
4.363963963963963e-06 8.937248796987591 12.061787670620808
4.37057057057057e-06 8.947306792415006 12.070174129548716
4.377177177177176e-06 8.95735472330035 12.078552035078857
4.383783783783783e-06 8.96739261489239 12.086921416783081
4.3903903903903894e-06 8.977420492355272 12.095282304072057
4.396996996996996e-06 8.987438380768815 12.1036347261964
4.4036036036036026e-06 8.997446305128747 12.111978712247772
4.410210210210209e-06 9.007444290347005 12.12031429115997
4.416816816816816e-06 9.01743236125198 12.128641491710031
4.423423423423422e-06 9.027410542588795 12.1369603425193
4.430030030030029e-06 9.037378859019567 12.145270872054502
4.436636636636635e-06 9.04733733512369 12.153573108628816
4.443243243243242e-06 9.05728599539808 12.161867080402908
4.44984984984985e-06 9.067224864257463 12.170152815385997
4.456456456456457e-06 9.077153966034627 12.178430341436874
4.463063063063063e-06 9.08707332498071 12.186699686264944
4.46966966966967e-06 9.096982965265454 12.19496087743125
4.4762762762762765e-06 9.106882910977468 12.203213942349466
4.482882882882883e-06 9.116773186124517 12.211458908286914
4.48948948948949e-06 9.126653814633771 12.219695802365573
4.496096096096096e-06 9.136524820352076 12.227924651563042
4.502702702702703e-06 9.146386227046232 12.236145482713528
4.509309309309309e-06 9.156238058403256 12.244358322508837
4.515915915915916e-06 9.166080338030632 12.252563197499317
4.522522522522522e-06 9.175913089456612 12.260760134094822
4.529129129129129e-06 9.185736336130457 12.268949158565672
4.5357357357357355e-06 9.195550101422711 12.277130297043577
4.542342342342342e-06 9.20535440862547 12.285303575522589
4.548948948948949e-06 9.215149280952646 12.29346901986002
4.555555555555555e-06 9.224934741540238 12.301626655777358
4.562162162162162e-06 9.234710813446593 12.309776508861198
4.568768768768768e-06 9.244477519652671 12.317918604564131
4.575375375375375e-06 9.254234883062317 12.326052968205643
4.5819819819819815e-06 9.263982926502516 12.334179624973018
4.588588588588588e-06 9.273721672723674 12.34229859992221
4.595195195195195e-06 9.28345114439986 12.350409917978727
4.601801801801801e-06 9.293171364129094 12.35851360393851
4.608408408408408e-06 9.302882354433597 12.366609682468775
4.615015015015014e-06 9.312584137760048 12.374698178108893
4.621621621621621e-06 9.322276736479875 12.382779115271225
4.6282282282282274e-06 9.331960172889476 12.390852518241967
4.634834834834834e-06 9.341634469210522 12.398918411182006
4.6414414414414406e-06 9.351299647590201 12.406976818127722
4.648048048048047e-06 9.36095573010147 12.415027762991837
4.654654654654654e-06 9.370602738743333 12.423071269564208
4.66126126126126e-06 9.380240695441094 12.43110736151267
4.667867867867867e-06 9.389869622046621 12.439136062383813
4.674474474474473e-06 9.3994895403386 12.447157395603792
4.68108108108108e-06 9.4091004720228 12.455171384479128
4.6876876876876865e-06 9.418702438732325 12.463178052197474
4.694294294294293e-06 9.428295462027883 12.471177421828413
4.7009009009009e-06 9.437879563398038 12.479169516324234
4.707507507507506e-06 9.447454764259456 12.487154358520684
4.7141141141141145e-06 9.457021085957194 12.495131971137743
4.720720720720721e-06 9.46657854976492 12.50310237678038
4.727327327327328e-06 9.476127176885182 12.511065597939293
4.733933933933934e-06 9.48566698844968 12.519021656991676
4.740540540540541e-06 9.495198005519502 12.526970576201938
4.747147147147147e-06 9.50472024908537 12.534912377722444
4.753753753753754e-06 9.514233740067931 12.542847083594241
4.76036036036036e-06 9.523738499317972 12.55077471574779
4.766966966966967e-06 9.53323454761668 12.558695296003664
4.7735735735735735e-06 9.54272190567592 12.56660884607328
4.78018018018018e-06 9.552200594138453 12.574515387559595
4.786786786786787e-06 9.561670633578203 12.582414941957802
4.793393393393393e-06 9.571132044500514 12.590307530656034
4.8e-06 9.580584847342381 12.59819317493605
4.806606606606606e-06 9.590029062472722 12.606071895973928
4.813213213213213e-06 9.599464710192597 12.613943714840724
4.8198198198198195e-06 9.608891810735493 12.621808652503168
4.826426426426426e-06 9.618310384267534 12.629666729824324
4.833033033033033e-06 9.627720450887756 12.637517967564253
4.839639639639639e-06 9.63712203062834 12.645362386380677
4.846246246246246e-06 9.646515143454854 12.653200006829625
4.852852852852852e-06 9.655899809266515 12.661030849366096
4.859459459459459e-06 9.665276047896405 12.66885493434469
4.866066066066065e-06 9.674643879111748 12.676672282020247
4.872672672672672e-06 9.684003322614126 12.684482912548502
4.8792792792792785e-06 9.693354398039734 12.692286845986683
4.885885885885885e-06 9.702697124959615 12.700084102294168
4.892492492492492e-06 9.712031522879915 12.70787470133308
4.899099099099098e-06 9.721357611242098 12.71565866286892
4.905705705705705e-06 9.730675409423212 12.723436006571168
4.912312312312311e-06 9.739984936736114 12.731206752013895
4.918918918918918e-06 9.749286212429707 12.738970918676358
4.9255255255255245e-06 9.758579255689185 12.746728525943615
4.932132132132131e-06 9.767864085636262 12.754479593107096
4.938738738738738e-06 9.777140721329413 12.762224139365202
4.945345345345344e-06 9.78640918176411 12.769962183823893
4.951951951951951e-06 9.795669485873061 12.77769374549726
4.958558558558557e-06 9.804921652526426 12.785418843308108
4.965165165165164e-06 9.814165700532074 12.793137496088523
4.9717717717717704e-06 9.8234016486358 12.800849722580434
4.978378378378379e-06 9.832629515521559 12.808555541436196
4.984984984984985e-06 9.841849319811708 12.816254971219115
4.991591591591592e-06 9.851061080067216 12.82394803040404
4.998198198198198e-06 9.860264814787925 12.831634737377879
5.004804804804805e-06 9.86946054241274 12.839315110440179
5.0114114114114115e-06 9.878648281319897 12.846989167803638
5.018018018018018e-06 9.88782804982716 12.854656927594666
5.024624624624625e-06 9.896999866192065 12.8623184078539
5.031231231231231e-06 9.906163748612135 12.869973626536753
5.037837837837838e-06 9.915319715225122 12.877622601513929
5.044444444444444e-06 9.92446778410922 12.885265350571949
5.051051051051051e-06 9.933607973283287 12.89290189141367
5.0576576576576575e-06 9.942740300707067 12.900532241658796
5.064264264264264e-06 9.951864784281435 12.908156418844403
5.070870870870871e-06 9.960981441848592 12.915774440425423
5.077477477477477e-06 9.970090291192298 12.923386323775171
5.084084084084084e-06 9.97919135003809 12.930992086185832
5.09069069069069e-06 9.98828463605351 12.938591744868964
5.097297297297297e-06 9.997370166848304 12.946185316955981
5.103903903903903e-06 10.006447959974674 12.95377281949866
5.11051051051051e-06 10.015518032927458 12.961354269469604
5.1171171171171165e-06 10.024580403144371 12.968929683762745
5.123723723723723e-06 10.033635088006218 12.976499079193811
5.13033033033033e-06 10.042682104837104 12.984062472500804
5.136936936936936e-06 10.051721470904646 12.99161988034447
5.143543543543543e-06 10.060753203420196 12.999171319308772
5.150150150150149e-06 10.06977731953906 13.006716805901352
5.156756756756756e-06 10.07879383636068 13.014256356553991
5.1633633633633625e-06 10.08780277092889 13.021789987623073
5.169969969969969e-06 10.096804140232088 13.02931771539003
5.176576576576576e-06 10.105797961203464 13.036839556061809
5.183183183183182e-06 10.114784250721218 13.0443555257713
5.189789789789789e-06 10.12376302560875 13.051865640577802
5.196396396396395e-06 10.13273430263488 13.059369916467448
5.203003003003002e-06 10.141698098514054 13.066868369353664
5.2096096096096084e-06 10.150654429906544 13.074361015077573
5.216216216216215e-06 10.159603313418668 13.081847869408469
5.2228228228228216e-06 10.168544765602979 13.089328948044203
5.229429429429428e-06 10.177478802958483 13.096804266611652
5.236036036036035e-06 10.186405441930832 13.104273840667098
5.242642642642643e-06 10.195324698912541 13.111737685696694
5.2492492492492495e-06 10.204236590243168 13.119195817116845
5.255855855855856e-06 10.21314113220954 13.12664825027464
5.262462462462463e-06 10.22203834104594 13.134095000448259
5.269069069069069e-06 10.230928232934305 13.141536082847383
5.275675675675676e-06 10.239810824004442 13.148971512613603
5.282282282282282e-06 10.248686130334208 13.156401304820811
5.288888888888889e-06 10.257554167949715 13.163825474475617
5.2954954954954954e-06 10.266414952825532 13.171244036517729
5.302102102102102e-06 10.275268500884872 13.178657005820362
5.3087087087087086e-06 10.284114827999797 13.186064397190613
5.315315315315315e-06 10.292953949991407 13.19346622536987
5.321921921921922e-06 10.301785882630044 13.200862505034177
5.328528528528528e-06 10.310610641635463 13.208253250794636
5.335135135135135e-06 10.319428242677061 13.21563847719778
5.341741741741741e-06 10.328238701374026 13.223018198725939
5.348348348348348e-06 10.337042033295571 13.23039242979764
5.3549549549549545e-06 10.345838253961091 13.237761184767955
5.361561561561561e-06 10.354627378840375 13.245124477928885
5.368168168168168e-06 10.363409423353787 13.252482323509735
5.374774774774774e-06 10.372184402872449 13.259834735677455
5.381381381381381e-06 10.380952332718437 13.267181728537015
5.387987987987987e-06 10.389713228164972 13.274523316131777
5.394594594594594e-06 10.3984671044366 13.28185951244383
5.4012012012012005e-06 10.40721397670937 13.289190331394359
5.407807807807807e-06 10.415953860111037 13.296515786843997
5.414414414414414e-06 10.424686769721234 13.303835892593172
5.42102102102102e-06 10.433412720571654 13.311150662382436
5.427627627627627e-06 10.442131727646249 13.318460109892861
5.434234234234233e-06 10.450843805881393 13.32576424874632
5.44084084084084e-06 10.459548970166072 13.33306309250587
5.447447447447446e-06 10.468247235342071 13.340356654676066
5.454054054054053e-06 10.476938616204144 13.347644948703323
5.4606606606606595e-06 10.485623127500192 13.354927987976215
5.467267267267266e-06 10.494300783931461 13.36220578582583
5.473873873873873e-06 10.502971600152694 13.369478355526104
5.480480480480479e-06 10.511635590772329 13.376745710294111
5.487087087087086e-06 10.520292770352663 13.384007863290435
5.493693693693692e-06 10.528943153410037 13.391264827619459
5.500300300300299e-06 10.537586754415006 13.398516616329694
5.5069069069069055e-06 10.546223587792515 13.405763242414102
5.513513513513514e-06 10.554853667922071 13.4130047188104
5.52012012012012e-06 10.563477009137923 13.420241058401386
5.526726726726727e-06 10.572093625729226 13.427472274015239
5.5333333333333334e-06 10.58070353194022 13.434698378425836
5.53993993993994e-06 10.589306741970399 13.441919384353058
5.5465465465465466e-06 10.59790326997468 13.449135304463084
5.553153153153153e-06 10.606493130063566 13.456346151368708
5.55975975975976e-06 10.615076336303346 13.463551937629635
5.566366366366366e-06 10.623652902716225 13.470752675752777
5.572972972972973e-06 10.632222843280502 13.47794837819255
5.579579579579579e-06 10.640786171930756 13.48513905735117
5.586186186186186e-06 10.649342902558002 13.492324725578943
5.5927927927927925e-06 10.657893049009843 13.499505395174559
5.599399399399399e-06 10.666436625090656 13.506681078385384
5.606006006006006e-06 10.67497364456175 13.513851787407734
5.612612612612612e-06 10.68350412114152 13.521017534387171
5.619219219219219e-06 10.692028068505627 13.528178331418786
5.625825825825825e-06 10.700545500287147 13.535334190547466
5.632432432432432e-06 10.709056430076744 13.542485123768195
5.6390390390390385e-06 10.717560871422823 13.549631143026318
5.645645645645645e-06 10.726058837831689 13.55677226021781
5.652252252252252e-06 10.734550342767719 13.563908487189558
5.658858858858858e-06 10.743035399653513 13.571039835739642
5.665465465465465e-06 10.751514021870053 13.578166317617583
5.672072072072071e-06 10.75998622275686 13.585287944524634
5.678678678678678e-06 10.768452015612159 13.592404728114019
5.685285285285284e-06 10.776911413693027 13.59951667999123
5.691891891891891e-06 10.785364430215559 13.606623811714265
5.6984984984984975e-06 10.79381107835501 13.613726134793891
5.705105105105104e-06 10.802251371245966 13.620823660693922
5.711711711711711e-06 10.810685321982486 13.627916400831449
5.718318318318317e-06 10.819112943618261 13.635004366577126
5.724924924924924e-06 10.827534249166769 13.642087569255397
5.73153153153153e-06 10.835949251601422 13.649166020144756
5.738138138138137e-06 10.844357963855721 13.656239730478015
5.7447447447447435e-06 10.852760398823413 13.663308711442529
5.75135135135135e-06 10.86115656935863 13.670372974180456
5.757957957957957e-06 10.869546488276047 13.677432529789
5.764564564564563e-06 10.877930168351034 13.684487389320656
5.77117117117117e-06 10.886307622319793 13.69153756378346
5.777777777777778e-06 10.894678862879525 13.698583064141204
5.7843843843843846e-06 10.903043902688554 13.705623901313707
5.790990990990991e-06 10.911402754366494 13.712660086177037
5.797597597597598e-06 10.91975543049439 13.71969162956375
5.804204204204204e-06 10.928101943614859 13.72671854226312
5.810810810810811e-06 10.936442306232243 13.73374083502138
5.817417417417417e-06 10.944776530812739 13.740758518541945
5.824024024024024e-06 10.953104629784562 13.747771603485655
5.8306306306306305e-06 10.961426615538084 13.754780100470986
5.837237237237237e-06 10.96974250042596 13.761784020074293
5.843843843843844e-06 10.978052296763291 13.76878337283003
5.85045045045045e-06 10.986356016827761 13.775778169230968
5.857057057057057e-06 10.99465367285977 13.782768419728427
5.863663663663663e-06 11.002945277062576 13.78975413473249
5.87027027027027e-06 11.011230841602453 13.796735324612232
5.8768768768768764e-06 11.019510378608798 13.803711999695926
5.883483483483483e-06 11.027783900174303 13.810684170271273
5.8900900900900896e-06 11.036051418355068 13.817651846585598
5.896696696696696e-06 11.044312945170761 13.8246150388461
5.903303303303303e-06 11.05256849260473 13.831573757220017
5.909909909909909e-06 11.060818072604164 13.838528011834887
5.916516516516516e-06 11.069061697080208 13.84547781277871
5.923123123123122e-06 11.077299377908119 13.852423170100197
5.929729729729729e-06 11.085531126927384 13.859364093808951
5.9363363363363355e-06 11.093756955941863 13.866300593875692
5.942942942942942e-06 11.101976876719919 13.87323268023244
5.949549549549549e-06 11.110190900994555 13.880160362772745
5.956156156156155e-06 11.11839904046354 13.887083651351864
5.962762762762762e-06 11.126601306789558 13.89400255578698
5.969369369369368e-06 11.134797711600314 13.900917085857383
5.975975975975975e-06 11.14298826648868 13.907827251304695
5.9825825825825815e-06 11.151172983012836 13.914733061833044
5.989189189189188e-06 11.159351872696375 13.921634527109264
5.995795795795795e-06 11.16752494702845 13.928531656763095
6.002402402402401e-06 11.175692217463904 13.93542446038738
6.009009009009008e-06 11.183853695423384 13.942312947538241
6.015615615615614e-06 11.19200939229348 13.949197127735282
6.022222222222221e-06 11.200159319426858 13.95607701046179
6.028828828828827e-06 11.208303488142368 13.96295260516489
6.035435435435434e-06 11.216441909725186 13.969823921255763
6.042042042042042e-06 11.224574595426942 13.976690968109821
6.048648648648649e-06 11.23270155646582 13.983553755066888
6.055255255255255e-06 11.24082280402672 13.990412291431387
6.061861861861862e-06 11.248938349261353 13.997266586472529
6.0684684684684685e-06 11.257048203288376 14.004116649424486
6.075075075075075e-06 11.265152377193514 14.010962489486566
6.081681681681682e-06 11.273250882029693 14.017804115823411
6.088288288288288e-06 11.281343728817129 14.024641537565161
6.094894894894895e-06 11.289430928543492 14.031474763807626
6.101501501501501e-06 11.297512492164003 14.03830380361248
6.108108108108108e-06 11.305588430601551 14.045128666007415
6.1147147147147144e-06 11.313658754746834 14.051949359986333
6.121321321321321e-06 11.321723475458459 14.058765894509504
6.1279279279279276e-06 11.329782603563066 14.065578278503745
6.134534534534534e-06 11.337836149855455 14.072386520862592
6.141141141141141e-06 11.345884125098694 14.07919063044646
6.147747747747747e-06 11.353926540024235 14.085990616082821
6.154354354354354e-06 11.361963405332048 14.092786486566368
6.16096096096096e-06 11.369994731690722 14.099578250659183
6.167567567567567e-06 11.378020529737581 14.10636591709089
6.1741741741741735e-06 11.386040810078807 14.113149494558836
6.18078078078078e-06 11.394055583289555 14.11992899172824
6.187387387387387e-06 11.402064859914066 14.126704417232379
6.193993993993993e-06 11.410068650465773 14.133475779672708
6.2006006006006e-06 11.41806696542743 14.140243087619062
6.207207207207206e-06 11.426059815251213 14.147006349609786
6.213813813813813e-06 11.434047210358841 14.153765574151912
6.2204204204204194e-06 11.442029161141685 14.1605207697213
6.227027027027026e-06 11.450005677960874 14.167271944762808
6.2336336336336326e-06 11.457976771147417 14.174019107690444
6.240240240240239e-06 11.465942451002308 14.180762266887509
6.246846846846846e-06 11.473902727796638 14.187501430706766
6.253453453453452e-06 11.481857611771707 14.19423660747058
6.260060060060059e-06 11.489807113139126 14.20096780547108
6.266666666666665e-06 11.497751242080934 14.207695032970301
6.273273273273272e-06 11.50569000874971 14.214418298200338
6.2798798798798785e-06 11.513623423268662 14.22113760936349
6.286486486486485e-06 11.521551495731762 14.22785297463242
6.293093093093092e-06 11.52947423620383 14.23456440215028
6.299699699699698e-06 11.53739165472066 14.241271900030883
6.3063063063063065e-06 11.545303761289103 14.247975476358826
6.312912912912913e-06 11.553210565887202 14.254675139189649
6.31951951951952e-06 11.561112078464271 14.261370896549964
6.326126126126126e-06 11.569008308941015 14.268062756437619
6.332732732732733e-06 11.576899267209633 14.274750726821818
6.339339339339339e-06 11.584784963133922 14.281434815643266
6.345945945945946e-06 11.592665406549374 14.288115030814327
6.352552552552552e-06 11.600540607263287 14.294791380219138
6.359159159159159e-06 11.608410575054865 14.30146387171376
6.3657657657657655e-06 11.616275319675326 14.308132513126322
6.372372372372372e-06 11.624134850847991 14.31479731225714
6.378978978978979e-06 11.631989178268396 14.321458276878863
6.385585585585585e-06 11.639838311604397 14.328115414736608
6.392192192192192e-06 11.64768226049626 14.334768733548099
6.398798798798798e-06 11.655521034556767 14.341418241003787
6.405405405405405e-06 11.663354643371315 14.348063944766995
6.4120120120120115e-06 11.671183096498018 14.35470585247404
6.418618618618618e-06 11.679006403467797 14.361343971734367
6.425225225225225e-06 11.686824573784493 14.367978310130692
6.431831831831831e-06 11.694637616924958 14.374608875219106
6.438438438438438e-06 11.702445542339149 14.381235674529226
6.445045045045044e-06 11.710248359450233 14.387858715564311
6.451651651651651e-06 11.718046077654678 14.394478005801398
6.4582582582582574e-06 11.72583870632235 14.401093552691412
6.464864864864864e-06 11.733626254796619 14.407705363659309
6.4714714714714706e-06 11.741408732394444 14.414313446104199
6.478078078078077e-06 11.749186148406464 14.420917807399453
6.484684684684684e-06 11.756958512097114 14.427518454892853
6.49129129129129e-06 11.764725832704702 14.434115395906685
6.497897897897897e-06 11.772488119441503 14.44070863773789
6.504504504504503e-06 11.780245381493863 14.447298187658154
6.51111111111111e-06 11.787997628022286 14.453884052914066
6.5177177177177165e-06 11.795744868161535 14.460466240727209
6.524324324324323e-06 11.803487111020706 14.467044758294275
6.53093093093093e-06 11.811224365683337 14.473619612787214
6.537537537537536e-06 11.818956641207507 14.480190811353326
6.544144144144143e-06 11.826683946625902 14.486758361115385
6.550750750750749e-06 11.834406290945923 14.493322269171749
6.557357357357356e-06 11.842123683149786 14.499882542596497
6.5639639639639625e-06 11.849836132194586 14.50643918843952
6.570570570570571e-06 11.857543647012408 14.512992213726646
6.577177177177177e-06 11.865246236510416 14.519541625459743
6.583783783783784e-06 11.872943909570926 14.526087430616858
6.59039039039039e-06 11.880636675051516 14.5326296361523
6.596996996996997e-06 11.888324541785103 14.539168248996763
6.6036036036036035e-06 11.896007518580022 14.545703276057445
6.61021021021021e-06 11.903685614220139 14.552234724218147
6.616816816816817e-06 11.911358837464922 14.558762600339383
6.623423423423423e-06 11.91902719704952 14.5652869112585
6.63003003003003e-06 11.92669070168487 14.571807663789775
6.636636636636636e-06 11.934349360057773 14.578324864724523
6.643243243243243e-06 11.942003180830977 14.584838520831218
6.6498498498498495e-06 11.949652172643262 14.591348638855573
6.656456456456456e-06 11.957296344109542 14.597855225520686
6.663063063063063e-06 11.964935703820931 14.604358287527097
6.669669669669669e-06 11.972570260344831 14.610857831552929
6.676276276276276e-06 11.980200022225027 14.617353864253987
6.682882882882882e-06 11.987824997981756 14.62384639226384
6.689489489489489e-06 11.995445196111802 14.63033542219395
6.6960960960960954e-06 12.003060625088581 14.636820960633758
6.702702702702702e-06 12.010671293362206 14.643303014150792
6.7093093093093086e-06 12.018277209359594 14.649781589290772
6.715915915915915e-06 12.025878381484526 14.656256692577694
6.722522522522522e-06 12.033474818117744 14.662728330513952
6.729129129129128e-06 12.041066527617035 14.669196509580424
6.735735735735735e-06 12.048653518317291 14.675661236236571
6.742342342342341e-06 12.056235798530615 14.682122516920542
6.748948948948948e-06 12.063813376546378 14.688580358049261
6.7555555555555545e-06 12.071386260631325 14.695034766018544
6.762162162162161e-06 12.078954459029637 14.701485747203169
6.768768768768768e-06 12.086517979963011 14.707933307956992
6.775375375375374e-06 12.094076831630746 14.714377454613038
6.781981981981981e-06 12.101631022209814 14.720818193483588
6.788588588588587e-06 12.109180559854956 14.727255530860283
6.795195195195194e-06 12.116725452698736 14.73368947301422
6.8018018018018004e-06 12.124265708851636 14.740120026196026
6.808408408408407e-06 12.131801336402129 14.74654719663598
6.8150150150150136e-06 12.13933234341675 14.752970990544084
6.82162162162162e-06 12.146858737940187 14.759391414110157
6.828228228228227e-06 12.154380527995343 14.765808473503938
6.834834834834835e-06 12.161897721583426 14.77222217487516
6.8414414414414415e-06 12.169410326684003 14.778632524353657
6.848048048048048e-06 12.176918351255111 14.785039528049445
6.854654654654655e-06 12.184421803233294 14.791443192052803
6.861261261261261e-06 12.191920690533705 14.797843522434386
6.867867867867868e-06 12.199415021050172 14.804240525245287
6.874474474474474e-06 12.206904802655263 14.810634206517141
6.881081081081081e-06 12.214390043200385 14.81702457226221
6.8876876876876875e-06 12.221870750515833 14.823411628473457
6.894294294294294e-06 12.22934693241087 14.829795381124653
6.900900900900901e-06 12.236818596673803 14.83617583617045
6.907507507507507e-06 12.244285751072068 14.842552999546463
6.914114114114114e-06 12.251748403352279 14.848926877169365
6.92072072072072e-06 12.259206561240315 14.855297474936974
6.927327327327327e-06 12.266660232441392 14.861664798728317
6.933933933933933e-06 12.274109424640127 14.86802885440373
6.94054054054054e-06 12.28155414550062 14.874389647804946
6.9471471471471465e-06 12.288994402666512 14.880747184755158
6.953753753753753e-06 12.296430203761076 14.887101471059118
6.96036036036036e-06 12.303861556387263 14.893452512503215
6.966966966966966e-06 12.31128846812779 14.899800314855545
6.973573573573573e-06 12.318710946545202 14.906144883866009
6.980180180180179e-06 12.326128999181952 14.912486225266385
6.986786786786786e-06 12.333542633560452 14.918824344770398
6.9933933933933925e-06 12.340951857183157 14.925159248073822
7e-06 12.348356677532632 14.931490940854543
