2.4797E-07	2.7211E+00	2.2959E+00
2.4894E-07	2.7224E+00	2.2976E+00
2.4992E-07	2.7238E+00	2.2995E+00
2.5090E-07	2.7253E+00	2.3015E+00
2.5188E-07	2.7268E+00	2.3036E+00
2.5287E-07	2.7284E+00	2.3058E+00
2.5386E-07	2.7301E+00	2.3081E+00
2.5486E-07	2.7318E+00	2.3105E+00
2.5586E-07	2.7336E+00	2.3130E+00
2.5686E-07	2.7355E+00	2.3156E+00
2.5787E-07	2.7374E+00	2.3184E+00
2.5888E-07	2.7395E+00	2.3212E+00
2.5990E-07	2.7416E+00	2.3240E+00
2.6092E-07	2.7438E+00	2.3270E+00
2.6194E-07	2.7461E+00	2.3301E+00
2.6297E-07	2.7485E+00	2.3332E+00
2.6400E-07	2.7510E+00	2.3364E+00
2.6504E-07	2.7536E+00	2.3397E+00
2.6608E-07	2.7562E+00	2.3430E+00
2.6712E-07	2.7590E+00	2.3464E+00
2.6817E-07	2.7619E+00	2.3499E+00
2.6922E-07	2.7648E+00	2.3534E+00
2.7028E-07	2.7679E+00	2.3570E+00
2.7134E-07	2.7711E+00	2.3606E+00
2.7240E-07	2.7743E+00	2.3643E+00
2.7347E-07	2.7777E+00	2.3680E+00
2.7455E-07	2.7812E+00	2.3717E+00
2.7562E-07	2.7848E+00	2.3755E+00
2.7670E-07	2.7884E+00	2.3793E+00
2.7779E-07	2.7922E+00	2.3831E+00
2.7888E-07	2.7961E+00	2.3870E+00
2.7997E-07	2.8001E+00	2.3909E+00
2.8107E-07	2.8042E+00	2.3947E+00
2.8217E-07	2.8084E+00	2.3986E+00
2.8328E-07	2.8127E+00	2.4025E+00
2.8439E-07	2.8171E+00	2.4064E+00
2.8551E-07	2.8217E+00	2.4103E+00
2.8663E-07	2.8263E+00	2.4142E+00
2.8775E-07	2.8310E+00	2.4181E+00
2.8888E-07	2.8358E+00	2.4220E+00
2.9002E-07	2.8407E+00	2.4258E+00
2.9115E-07	2.8457E+00	2.4296E+00
2.9230E-07	2.8509E+00	2.4334E+00
2.9344E-07	2.8561E+00	2.4372E+00
2.9460E-07	2.8614E+00	2.4410E+00
2.9575E-07	2.8667E+00	2.4447E+00
2.9691E-07	2.8722E+00	2.4483E+00
2.9808E-07	2.8778E+00	2.4520E+00
2.9925E-07	2.8834E+00	2.4556E+00
3.0042E-07	2.8892E+00	2.4591E+00
3.0160E-07	2.8950E+00	2.4626E+00
3.0278E-07	2.9009E+00	2.4660E+00
3.0397E-07	2.9068E+00	2.4694E+00
3.0516E-07	2.9129E+00	2.4727E+00
3.0636E-07	2.9190E+00	2.4760E+00
3.0756E-07	2.9252E+00	2.4792E+00
3.0877E-07	2.9314E+00	2.4823E+00
3.0998E-07	2.9377E+00	2.4854E+00
3.1120E-07	2.9441E+00	2.4883E+00
3.1242E-07	2.9505E+00	2.4913E+00
3.1364E-07	2.9570E+00	2.4941E+00
3.1487E-07	2.9635E+00	2.4968E+00
3.1611E-07	2.9700E+00	2.4995E+00
3.1735E-07	2.9766E+00	2.5021E+00
3.1860E-07	2.9833E+00	2.5046E+00
3.1985E-07	2.9900E+00	2.5071E+00
3.2110E-07	2.9967E+00	2.5094E+00
3.2236E-07	3.0034E+00	2.5116E+00
3.2362E-07	3.0102E+00	2.5138E+00
3.2489E-07	3.0170E+00	2.5159E+00
3.2617E-07	3.0238E+00	2.5179E+00
3.2745E-07	3.0306E+00	2.5198E+00
3.2873E-07	3.0374E+00	2.5216E+00
3.3002E-07	3.0442E+00	2.5233E+00
3.3132E-07	3.0511E+00	2.5249E+00
3.3262E-07	3.0579E+00	2.5264E+00
3.3392E-07	3.0647E+00	2.5279E+00
3.3523E-07	3.0715E+00	2.5292E+00
3.3655E-07	3.0783E+00	2.5304E+00
3.3787E-07	3.0851E+00	2.5316E+00
3.3920E-07	3.0919E+00	2.5327E+00
3.4053E-07	3.0986E+00	2.5337E+00
3.4186E-07	3.1053E+00	2.5345E+00
3.4320E-07	3.1120E+00	2.5353E+00
3.4455E-07	3.1186E+00	2.5360E+00
3.4590E-07	3.1252E+00	2.5367E+00
3.4726E-07	3.1318E+00	2.5372E+00
3.4862E-07	3.1383E+00	2.5377E+00
3.4999E-07	3.1447E+00	2.5380E+00
3.5136E-07	3.1512E+00	2.5383E+00
3.5274E-07	3.1575E+00	2.5386E+00
3.5413E-07	3.1638E+00	2.5387E+00
3.5552E-07	3.1700E+00	2.5388E+00
3.5691E-07	3.1762E+00	2.5388E+00
3.5831E-07	3.1823E+00	2.5387E+00
3.5972E-07	3.1883E+00	2.5385E+00
3.6113E-07	3.1942E+00	2.5383E+00
3.6254E-07	3.2001E+00	2.5380E+00
3.6397E-07	3.2059E+00	2.5377E+00
3.6540E-07	3.2116E+00	2.5373E+00
3.6683E-07	3.2172E+00	2.5369E+00
3.6827E-07	3.2227E+00	2.5364E+00
3.6971E-07	3.2281E+00	2.5358E+00
3.7116E-07	3.2335E+00	2.5353E+00
3.7262E-07	3.2387E+00	2.5346E+00
3.7408E-07	3.2439E+00	2.5340E+00
3.7555E-07	3.2489E+00	2.5332E+00
3.7702E-07	3.2539E+00	2.5325E+00
3.7850E-07	3.2587E+00	2.5317E+00
3.7999E-07	3.2635E+00	2.5309E+00
3.8148E-07	3.2681E+00	2.5301E+00
3.8298E-07	3.2726E+00	2.5293E+00
3.8448E-07	3.2771E+00	2.5285E+00
3.8599E-07	3.2814E+00	2.5276E+00
3.8750E-07	3.2856E+00	2.5267E+00
3.8902E-07	3.2897E+00	2.5259E+00
3.9055E-07	3.2937E+00	2.5250E+00
3.9208E-07	3.2976E+00	2.5241E+00
3.9362E-07	3.3013E+00	2.5233E+00
3.9516E-07	3.3050E+00	2.5225E+00
3.9671E-07	3.3085E+00	2.5216E+00
3.9827E-07	3.3120E+00	2.5208E+00
3.9983E-07	3.3153E+00	2.5200E+00
4.0140E-07	3.3185E+00	2.5193E+00
4.0298E-07	3.3216E+00	2.5186E+00
4.0456E-07	3.3246E+00	2.5179E+00
4.0614E-07	3.3275E+00	2.5172E+00
4.0774E-07	3.3302E+00	2.5166E+00
4.0934E-07	3.3329E+00	2.5161E+00
4.1094E-07	3.3354E+00	2.5156E+00
4.1256E-07	3.3379E+00	2.5151E+00
4.1418E-07	3.3403E+00	2.5147E+00
4.1580E-07	3.3425E+00	2.5144E+00
4.1743E-07	3.3447E+00	2.5141E+00
4.1907E-07	3.3467E+00	2.5139E+00
4.2071E-07	3.3487E+00	2.5138E+00
4.2236E-07	3.3505E+00	2.5137E+00
4.2402E-07	3.3523E+00	2.5137E+00
4.2569E-07	3.3540E+00	2.5138E+00
4.2736E-07	3.3555E+00	2.5140E+00
4.2903E-07	3.3571E+00	2.5143E+00
4.3072E-07	3.3585E+00	2.5147E+00
4.3241E-07	3.3598E+00	2.5152E+00
4.3410E-07	3.3611E+00	2.5157E+00
4.3581E-07	3.3623E+00	2.5164E+00
4.3752E-07	3.3634E+00	2.5172E+00
4.3923E-07	3.3645E+00	2.5180E+00
4.4096E-07	3.3654E+00	2.5190E+00
4.4269E-07	3.3664E+00	2.5201E+00
4.4442E-07	3.3673E+00	2.5213E+00
4.4617E-07	3.3681E+00	2.5226E+00
4.4792E-07	3.3688E+00	2.5241E+00
4.4967E-07	3.3696E+00	2.5256E+00
4.5144E-07	3.3703E+00	2.5273E+00
4.5321E-07	3.3709E+00	2.5291E+00
4.5499E-07	3.3715E+00	2.5310E+00
4.5677E-07	3.3721E+00	2.5331E+00
4.5857E-07	3.3727E+00	2.5353E+00
4.6036E-07	3.3732E+00	2.5376E+00
4.6217E-07	3.3738E+00	2.5400E+00
4.6398E-07	3.3743E+00	2.5426E+00
4.6581E-07	3.3748E+00	2.5453E+00
4.6763E-07	3.3753E+00	2.5481E+00
4.6947E-07	3.3758E+00	2.5511E+00
4.7131E-07	3.3764E+00	2.5542E+00
4.7316E-07	3.3769E+00	2.5574E+00
4.7502E-07	3.3775E+00	2.5607E+00
4.7688E-07	3.3780E+00	2.5642E+00
4.7875E-07	3.3786E+00	2.5679E+00
4.8063E-07	3.3793E+00	2.5716E+00
4.8251E-07	3.3800E+00	2.5755E+00
4.8441E-07	3.3807E+00	2.5795E+00
4.8631E-07	3.3815E+00	2.5836E+00
4.8822E-07	3.3823E+00	2.5878E+00
4.9013E-07	3.3832E+00	2.5922E+00
4.9206E-07	3.3842E+00	2.5967E+00
4.9399E-07	3.3852E+00	2.6013E+00
4.9592E-07	3.3863E+00	2.6060E+00
4.9787E-07	3.3874E+00	2.6108E+00
4.9982E-07	3.3887E+00	2.6158E+00
5.0178E-07	3.3901E+00	2.6208E+00
5.0375E-07	3.3915E+00	2.6259E+00
5.0573E-07	3.3930E+00	2.6312E+00
5.0771E-07	3.3947E+00	2.6365E+00
5.0971E-07	3.3964E+00	2.6419E+00
5.1171E-07	3.3983E+00	2.6474E+00
5.1371E-07	3.4002E+00	2.6530E+00
5.1573E-07	3.4023E+00	2.6586E+00
5.1775E-07	3.4045E+00	2.6644E+00
5.1978E-07	3.4069E+00	2.6701E+00
5.2182E-07	3.4093E+00	2.6760E+00
5.2387E-07	3.4119E+00	2.6819E+00
5.2593E-07	3.4146E+00	2.6878E+00
5.2799E-07	3.4175E+00	2.6938E+00
5.3006E-07	3.4205E+00	2.6998E+00
5.3214E-07	3.4237E+00	2.7058E+00
5.3423E-07	3.4270E+00	2.7119E+00
5.3633E-07	3.4304E+00	2.7180E+00
5.3843E-07	3.4340E+00	2.7240E+00
5.4054E-07	3.4377E+00	2.7301E+00
5.4266E-07	3.4416E+00	2.7362E+00
5.4479E-07	3.4456E+00	2.7422E+00
5.4693E-07	3.4498E+00	2.7482E+00
5.4908E-07	3.4541E+00	2.7542E+00
5.5123E-07	3.4586E+00	2.7601E+00
5.5339E-07	3.4632E+00	2.7660E+00
5.5556E-07	3.4679E+00	2.7719E+00
5.5774E-07	3.4728E+00	2.7777E+00
5.5993E-07	3.4779E+00	2.7834E+00
5.6213E-07	3.4831E+00	2.7890E+00
5.6434E-07	3.4884E+00	2.7945E+00
5.6655E-07	3.4938E+00	2.8000E+00
5.6877E-07	3.4994E+00	2.8053E+00
5.7100E-07	3.5051E+00	2.8105E+00
5.7324E-07	3.5109E+00	2.8156E+00
5.7549E-07	3.5169E+00	2.8206E+00
5.7775E-07	3.5229E+00	2.8255E+00
5.8002E-07	3.5291E+00	2.8302E+00
5.8229E-07	3.5353E+00	2.8347E+00
5.8458E-07	3.5417E+00	2.8391E+00
5.8687E-07	3.5481E+00	2.8434E+00
5.8918E-07	3.5546E+00	2.8475E+00
5.9149E-07	3.5612E+00	2.8514E+00
5.9381E-07	3.5678E+00	2.8551E+00
5.9614E-07	3.5745E+00	2.8586E+00
5.9848E-07	3.5812E+00	2.8620E+00
6.0082E-07	3.5880E+00	2.8652E+00
6.0318E-07	3.5948E+00	2.8681E+00
6.0555E-07	3.6016E+00	2.8709E+00
6.0792E-07	3.6084E+00	2.8735E+00
6.1031E-07	3.6153E+00	2.8758E+00
6.1270E-07	3.6221E+00	2.8780E+00
6.1511E-07	3.6289E+00	2.8799E+00
6.1752E-07	3.6357E+00	2.8816E+00
6.1995E-07	3.6424E+00	2.8831E+00
6.2238E-07	3.6491E+00	2.8844E+00
6.2482E-07	3.6557E+00	2.8855E+00
6.2727E-07	3.6622E+00	2.8863E+00
6.2973E-07	3.6687E+00	2.8870E+00
6.3220E-07	3.6750E+00	2.8874E+00
6.3468E-07	3.6813E+00	2.8876E+00
6.3717E-07	3.6874E+00	2.8876E+00
6.3967E-07	3.6935E+00	2.8874E+00
6.4218E-07	3.6994E+00	2.8870E+00
6.4470E-07	3.7051E+00	2.8863E+00
6.4723E-07	3.7107E+00	2.8855E+00
6.4977E-07	3.7161E+00	2.8845E+00
6.5232E-07	3.7213E+00	2.8833E+00
6.5488E-07	3.7264E+00	2.8819E+00
6.5745E-07	3.7312E+00	2.8804E+00
6.6003E-07	3.7359E+00	2.8786E+00
6.6262E-07	3.7403E+00	2.8767E+00
6.6522E-07	3.7445E+00	2.8747E+00
6.6783E-07	3.7485E+00	2.8725E+00
6.7045E-07	3.7522E+00	2.8701E+00
6.7308E-07	3.7557E+00	2.8676E+00
6.7572E-07	3.7590E+00	2.8650E+00
6.7837E-07	3.7619E+00	2.8622E+00
6.8103E-07	3.7646E+00	2.8594E+00
6.8371E-07	3.7671E+00	2.8564E+00
6.8639E-07	3.7692E+00	2.8534E+00
6.8908E-07	3.7711E+00	2.8503E+00
6.9179E-07	3.7726E+00	2.8471E+00
6.9450E-07	3.7739E+00	2.8438E+00
6.9723E-07	3.7748E+00	2.8405E+00
6.9996E-07	3.7755E+00	2.8371E+00
7.0271E-07	3.7759E+00	2.8337E+00
7.0546E-07	3.7759E+00	2.8303E+00
7.0823E-07	3.7756E+00	2.8269E+00
7.1101E-07	3.7750E+00	2.8235E+00
7.1380E-07	3.7741E+00	2.8201E+00
7.1660E-07	3.7728E+00	2.8167E+00
7.1941E-07	3.7713E+00	2.8133E+00
7.2224E-07	3.7694E+00	2.8100E+00
7.2507E-07	3.7671E+00	2.8067E+00
7.2792E-07	3.7646E+00	2.8035E+00
7.3077E-07	3.7617E+00	2.8004E+00
7.3364E-07	3.7585E+00	2.7974E+00
7.3652E-07	3.7550E+00	2.7944E+00
7.3941E-07	3.7511E+00	2.7916E+00
7.4231E-07	3.7470E+00	2.7889E+00
7.4522E-07	3.7425E+00	2.7863E+00
7.4814E-07	3.7377E+00	2.7839E+00
7.5108E-07	3.7325E+00	2.7816E+00
7.5403E-07	3.7271E+00	2.7794E+00
7.5699E-07	3.7214E+00	2.7775E+00
7.5996E-07	3.7153E+00	2.7757E+00
7.6294E-07	3.7090E+00	2.7741E+00
7.6593E-07	3.7023E+00	2.7727E+00
7.6894E-07	3.6954E+00	2.7715E+00
7.7195E-07	3.6882E+00	2.7706E+00
7.7498E-07	3.6807E+00	2.7699E+00
7.7802E-07	3.6729E+00	2.7694E+00
7.8108E-07	3.6648E+00	2.7691E+00
7.8414E-07	3.6565E+00	2.7691E+00
7.8722E-07	3.6479E+00	2.7694E+00
7.9031E-07	3.6391E+00	2.7699E+00
7.9341E-07	3.6300E+00	2.7708E+00
7.9652E-07	3.6207E+00	2.7719E+00
7.9964E-07	3.6111E+00	2.7733E+00
8.0278E-07	3.6014E+00	2.7750E+00
8.0593E-07	3.5914E+00	2.7771E+00
8.0909E-07	3.5812E+00	2.7794E+00
8.1227E-07	3.5708E+00	2.7821E+00
8.1546E-07	3.5602E+00	2.7851E+00
8.1865E-07	3.5494E+00	2.7885E+00
8.2187E-07	3.5385E+00	2.7922E+00
8.2509E-07	3.5274E+00	2.7963E+00
8.2833E-07	3.5161E+00	2.8007E+00
8.3158E-07	3.5047E+00	2.8055E+00
8.3484E-07	3.4931E+00	2.8107E+00
8.3812E-07	3.4815E+00	2.8163E+00
8.4141E-07	3.4697E+00	2.8222E+00
8.4471E-07	3.4578E+00	2.8285E+00
8.4802E-07	3.4458E+00	2.8352E+00
8.5135E-07	3.4338E+00	2.8424E+00
8.5469E-07	3.4216E+00	2.8499E+00
8.5804E-07	3.4095E+00	2.8578E+00
8.6141E-07	3.3972E+00	2.8661E+00
8.6479E-07	3.3850E+00	2.8749E+00
8.6818E-07	3.3727E+00	2.8840E+00
8.7159E-07	3.3604E+00	2.8936E+00
8.7501E-07	3.3481E+00	2.9036E+00
8.7844E-07	3.3359E+00	2.9140E+00
8.8189E-07	3.3236E+00	2.9248E+00
8.8535E-07	3.3114E+00	2.9361E+00
8.8882E-07	3.2993E+00	2.9477E+00
8.9231E-07	3.2873E+00	2.9598E+00
8.9581E-07	3.2753E+00	2.9723E+00
8.9933E-07	3.2634E+00	2.9852E+00
9.0285E-07	3.2517E+00	2.9985E+00
9.0640E-07	3.2401E+00	3.0123E+00
9.0995E-07	3.2286E+00	3.0264E+00
9.1352E-07	3.2173E+00	3.0409E+00
9.1711E-07	3.2061E+00	3.0559E+00
9.2071E-07	3.1952E+00	3.0712E+00
9.2432E-07	3.1844E+00	3.0869E+00
9.2795E-07	3.1739E+00	3.1030E+00
9.3159E-07	3.1636E+00	3.1194E+00
9.3524E-07	3.1535E+00	3.1363E+00
9.3891E-07	3.1437E+00	3.1534E+00
9.4259E-07	3.1341E+00	3.1709E+00
9.4629E-07	3.1248E+00	3.1888E+00
9.5001E-07	3.1159E+00	3.2070E+00
9.5373E-07	3.1072E+00	3.2255E+00
9.5748E-07	3.0988E+00	3.2442E+00
9.6123E-07	3.0908E+00	3.2633E+00
9.6500E-07	3.0831E+00	3.2827E+00
9.6879E-07	3.0758E+00	3.3023E+00
9.7259E-07	3.0688E+00	3.3221E+00
9.7641E-07	3.0622E+00	3.3422E+00
9.8024E-07	3.0560E+00	3.3625E+00
9.8408E-07	3.0501E+00	3.3830E+00
9.8795E-07	3.0447E+00	3.4037E+00
9.9182E-07	3.0396E+00	3.4246E+00
9.9571E-07	3.0350E+00	3.4456E+00
9.9962E-07	3.0308E+00	3.4667E+00
1.0035E-06	3.0270E+00	3.4880E+00
1.0075E-06	3.0237E+00	3.5093E+00
1.0114E-06	3.0207E+00	3.5308E+00
1.0154E-06	3.0182E+00	3.5523E+00
1.0194E-06	3.0162E+00	3.5738E+00
1.0234E-06	3.0145E+00	3.5953E+00
1.0274E-06	3.0133E+00	3.6169E+00
1.0314E-06	3.0126E+00	3.6384E+00
1.0355E-06	3.0123E+00	3.6599E+00
1.0395E-06	3.0124E+00	3.6813E+00
1.0436E-06	3.0129E+00	3.7026E+00
1.0477E-06	3.0139E+00	3.7238E+00
1.0518E-06	3.0153E+00	3.7449E+00
1.0560E-06	3.0171E+00	3.7659E+00
1.0601E-06	3.0193E+00	3.7867E+00
1.0643E-06	3.0219E+00	3.8072E+00
1.0684E-06	3.0250E+00	3.8276E+00
1.0726E-06	3.0283E+00	3.8478E+00
1.0768E-06	3.0321E+00	3.8677E+00
1.0811E-06	3.0362E+00	3.8873E+00
1.0853E-06	3.0407E+00	3.9066E+00
1.0896E-06	3.0455E+00	3.9257E+00
1.0938E-06	3.0506E+00	3.9444E+00
1.0981E-06	3.0560E+00	3.9627E+00
1.1024E-06	3.0617E+00	3.9807E+00
1.1068E-06	3.0676E+00	3.9983E+00
1.1111E-06	3.0738E+00	4.0155E+00
1.1155E-06	3.0802E+00	4.0323E+00
1.1198E-06	3.0869E+00	4.0487E+00
1.1242E-06	3.0937E+00	4.0646E+00
1.1286E-06	3.1006E+00	4.0801E+00
1.1331E-06	3.1077E+00	4.0951E+00
1.1375E-06	3.1149E+00	4.1096E+00
1.1420E-06	3.1222E+00	4.1236E+00
1.1465E-06	3.1296E+00	4.1372E+00
1.1510E-06	3.1369E+00	4.1502E+00
1.1555E-06	3.1443E+00	4.1627E+00
1.1600E-06	3.1516E+00	4.1747E+00
1.1646E-06	3.1589E+00	4.1862E+00
1.1691E-06	3.1661E+00	4.1971E+00
1.1737E-06	3.1732E+00	4.2076E+00
1.1783E-06	3.1802E+00	4.2175E+00
1.1829E-06	3.1869E+00	4.2268E+00
1.1876E-06	3.1935E+00	4.2357E+00
1.1922E-06	3.1998E+00	4.2441E+00
1.1969E-06	3.2059E+00	4.2519E+00
1.2016E-06	3.2116E+00	4.2593E+00
1.2063E-06	3.2171E+00	4.2661E+00
1.2111E-06	3.2222E+00	4.2725E+00
1.2158E-06	3.2269E+00	4.2785E+00
1.2206E-06	3.2311E+00	4.2839E+00
1.2254E-06	3.2350E+00	4.2890E+00
1.2302E-06	3.2384E+00	4.2937E+00
1.2350E-06	3.2413E+00	4.2979E+00
1.2399E-06	3.2436E+00	4.3018E+00
1.2447E-06	3.2455E+00	4.3053E+00
1.2496E-06	3.2467E+00	4.3085E+00
1.2545E-06	3.2474E+00	4.3114E+00
1.2594E-06	3.2475E+00	4.3141E+00
1.2644E-06	3.2469E+00	4.3164E+00
1.2693E-06	3.2457E+00	4.3186E+00
1.2743E-06	3.2438E+00	4.3206E+00
1.2793E-06	3.2413E+00	4.3224E+00
1.2843E-06	3.2380E+00	4.3241E+00
1.2894E-06	3.2341E+00	4.3257E+00
1.2944E-06	3.2295E+00	4.3272E+00
1.2995E-06	3.2241E+00	4.3286E+00
1.3046E-06	3.2180E+00	4.3301E+00
1.3097E-06	3.2111E+00	4.3316E+00
1.3149E-06	3.2036E+00	4.3332E+00
1.3200E-06	3.1953E+00	4.3349E+00
1.3252E-06	3.1862E+00	4.3366E+00
1.3304E-06	3.1764E+00	4.3386E+00
1.3356E-06	3.1659E+00	4.3407E+00
1.3409E-06	3.1546E+00	4.3431E+00
1.3461E-06	3.1426E+00	4.3457E+00
1.3514E-06	3.1299E+00	4.3487E+00
1.3567E-06	3.1165E+00	4.3519E+00
1.3620E-06	3.1024E+00	4.3555E+00
1.3674E-06	3.0876E+00	4.3595E+00
1.3727E-06	3.0721E+00	4.3639E+00
1.3781E-06	3.0560E+00	4.3687E+00
1.3835E-06	3.0392E+00	4.3740E+00
1.3890E-06	3.0217E+00	4.3798E+00
1.3944E-06	3.0037E+00	4.3861E+00
1.3999E-06	2.9851E+00	4.3930E+00
1.4054E-06	2.9659E+00	4.4004E+00
1.4109E-06	2.9462E+00	4.4085E+00
1.4164E-06	2.9259E+00	4.4171E+00
1.4220E-06	2.9052E+00	4.4264E+00
1.4276E-06	2.8839E+00	4.4363E+00
1.4332E-06	2.8622E+00	4.4469E+00
1.4388E-06	2.8401E+00	4.4582E+00
1.4444E-06	2.8176E+00	4.4702E+00
1.4501E-06	2.7946E+00	4.4829E+00
1.4558E-06	2.7714E+00	4.4963E+00
1.4615E-06	2.7478E+00	4.5104E+00
1.4672E-06	2.7239E+00	4.5254E+00
1.4730E-06	2.6998E+00	4.5410E+00
1.4788E-06	2.6754E+00	4.5575E+00
1.4846E-06	2.6508E+00	4.5747E+00
1.4904E-06	2.6260E+00	4.5926E+00
1.4962E-06	2.6010E+00	4.6114E+00
1.5021E-06	2.5759E+00	4.6309E+00
1.5080E-06	2.5507E+00	4.6512E+00
1.5139E-06	2.5255E+00	4.6723E+00
1.5199E-06	2.5002E+00	4.6941E+00
1.5258E-06	2.4748E+00	4.7167E+00
1.5318E-06	2.4495E+00	4.7401E+00
1.5378E-06	2.4242E+00	4.7642E+00
1.5439E-06	2.3989E+00	4.7891E+00
1.5499E-06	2.3737E+00	4.8147E+00
1.5560E-06	2.3486E+00	4.8411E+00
1.5621E-06	2.3237E+00	4.8681E+00
1.5682E-06	2.2988E+00	4.8959E+00
1.5744E-06	2.2741E+00	4.9244E+00
1.5806E-06	2.2496E+00	4.9536E+00
1.5868E-06	2.2253E+00	4.9834E+00
1.5930E-06	2.2012E+00	5.0139E+00
1.5992E-06	2.1773E+00	5.0450E+00
1.6055E-06	2.1536E+00	5.0768E+00
1.6118E-06	2.1303E+00	5.1092E+00
1.6181E-06	2.1071E+00	5.1421E+00
1.6245E-06	2.0843E+00	5.1757E+00
1.6309E-06	2.0617E+00	5.2098E+00
1.6373E-06	2.0395E+00	5.2445E+00
1.6437E-06	2.0175E+00	5.2797E+00
1.6501E-06	1.9959E+00	5.3154E+00
1.6566E-06	1.9746E+00	5.3517E+00
1.6631E-06	1.9536E+00	5.3884E+00
1.6696E-06	1.9330E+00	5.4256E+00
1.6762E-06	1.9127E+00	5.4633E+00
1.6828E-06	1.8927E+00	5.5014E+00
1.6894E-06	1.8731E+00	5.5399E+00
1.6960E-06	1.8539E+00	5.5788E+00
1.7027E-06	1.8350E+00	5.6182E+00
1.7093E-06	1.8164E+00	5.6579E+00
1.7160E-06	1.7982E+00	5.6980E+00
1.7228E-06	1.7804E+00	5.7384E+00
1.7295E-06	1.7629E+00	5.7792E+00
1.7363E-06	1.7458E+00	5.8204E+00
1.7431E-06	1.7290E+00	5.8618E+00
1.7500E-06	1.7126E+00	5.9036E+00
1.7568E-06	1.6965E+00	5.9457E+00
1.7637E-06	1.6808E+00	5.9880E+00
1.7707E-06	1.6654E+00	6.0306E+00
1.7776E-06	1.6503E+00	6.0735E+00
1.7846E-06	1.6356E+00	6.1167E+00
1.7916E-06	1.6213E+00	6.1601E+00
1.7986E-06	1.6072E+00	6.2037E+00
1.8057E-06	1.5935E+00	6.2476E+00
1.8127E-06	1.5801E+00	6.2917E+00
1.8199E-06	1.5670E+00	6.3360E+00
1.8270E-06	1.5543E+00	6.3806E+00
1.8342E-06	1.5419E+00	6.4253E+00
1.8414E-06	1.5297E+00	6.4702E+00
1.8486E-06	1.5179E+00	6.5153E+00
1.8558E-06	1.5064E+00	6.5606E+00
1.8631E-06	1.4951E+00	6.6061E+00
1.8704E-06	1.4842E+00	6.6517E+00
1.8778E-06	1.4736E+00	6.6975E+00
1.8851E-06	1.4632E+00	6.7435E+00
1.8925E-06	1.4531E+00	6.7896E+00
1.9000E-06	1.4433E+00	6.8359E+00
1.9074E-06	1.4337E+00	6.8824E+00
1.9149E-06	1.4244E+00	6.9289E+00
1.9224E-06	1.4154E+00	6.9757E+00
1.9300E-06	1.4066E+00	7.0225E+00
1.9375E-06	1.3981E+00	7.0695E+00
1.9451E-06	1.3898E+00	7.1166E+00
1.9528E-06	1.3818E+00	7.1639E+00
1.9604E-06	1.3740E+00	7.2113E+00
1.9681E-06	1.3665E+00	7.2588E+00
1.9758E-06	1.3591E+00	7.3064E+00
1.9836E-06	1.3520E+00	7.3542E+00
1.9914E-06	1.3452E+00	7.4021E+00
1.9992E-06	1.3385E+00	7.4500E+00
2.0070E-06	1.3321E+00	7.4981E+00
2.0149E-06	1.3259E+00	7.5464E+00
2.0228E-06	1.3199E+00	7.5947E+00
2.0307E-06	1.3141E+00	7.6431E+00
2.0387E-06	1.3085E+00	7.6917E+00
2.0467E-06	1.3031E+00	7.7404E+00
2.0547E-06	1.2978E+00	7.7891E+00
2.0628E-06	1.2928E+00	7.8380E+00
2.0709E-06	1.2880E+00	7.8870E+00
2.0790E-06	1.2834E+00	7.9361E+00
2.0872E-06	1.2789E+00	7.9853E+00
2.0954E-06	1.2746E+00	8.0346E+00
2.1036E-06	1.2705E+00	8.0840E+00
2.1119E-06	1.2666E+00	8.1335E+00
2.1201E-06	1.2629E+00	8.1832E+00
2.1285E-06	1.2593E+00	8.2329E+00
2.1368E-06	1.2559E+00	8.2827E+00
2.1452E-06	1.2526E+00	8.3327E+00
2.1536E-06	1.2496E+00	8.3827E+00
2.1621E-06	1.2466E+00	8.4329E+00
2.1705E-06	1.2439E+00	8.4831E+00
2.1791E-06	1.2413E+00	8.5335E+00
2.1876E-06	1.2388E+00	8.5839E+00
2.1962E-06	1.2365E+00	8.6345E+00
2.2048E-06	1.2343E+00	8.6852E+00
2.2135E-06	1.2323E+00	8.7359E+00
2.2221E-06	1.2305E+00	8.7868E+00
2.2309E-06	1.2287E+00	8.8378E+00
2.2396E-06	1.2272E+00	8.8889E+00
2.2484E-06	1.2257E+00	8.9401E+00
2.2572E-06	1.2244E+00	8.9914E+00
2.2661E-06	1.2233E+00	9.0428E+00
2.2750E-06	1.2222E+00	9.0944E+00
2.2839E-06	1.2213E+00	9.1460E+00
2.2929E-06	1.2206E+00	9.1977E+00
2.3019E-06	1.2199E+00	9.2496E+00
2.3109E-06	1.2194E+00	9.3016E+00
2.3200E-06	1.2190E+00	9.3537E+00
2.3291E-06	1.2188E+00	9.4059E+00
2.3382E-06	1.2186E+00	9.4582E+00
2.3474E-06	1.2186E+00	9.5106E+00
2.3566E-06	1.2187E+00	9.5631E+00
2.3658E-06	1.2189E+00	9.6158E+00
2.3751E-06	1.2193E+00	9.6686E+00
2.3844E-06	1.2197E+00	9.7214E+00
2.3938E-06	1.2203E+00	9.7744E+00
2.4032E-06	1.2210E+00	9.8276E+00
2.4126E-06	1.2218E+00	9.8808E+00
2.4221E-06	1.2227E+00	9.9342E+00
2.4316E-06	1.2238E+00	9.9877E+00
2.4411E-06	1.2249E+00	1.0041E+01
2.4507E-06	1.2262E+00	1.0095E+01
2.4603E-06	1.2275E+00	1.0149E+01
2.4700E-06	1.2290E+00	1.0203E+01
2.4797E-06	1.2306E+00	1.0257E+01
2.4894E-06	1.2323E+00	1.0311E+01
2.4991E-06	1.2341E+00	1.0366E+01
2.5090E-06	1.2360E+00	1.0420E+01
2.5188E-06	1.2380E+00	1.0475E+01
2.5287E-06	1.2401E+00	1.0529E+01
2.5386E-06	1.2423E+00	1.0584E+01
2.5486E-06	1.2446E+00	1.0639E+01
2.5586E-06	1.2470E+00	1.0694E+01
2.5686E-06	1.2495E+00	1.0750E+01
2.5787E-06	1.2522E+00	1.0805E+01
2.5888E-06	1.2549E+00	1.0861E+01
2.5990E-06	1.2577E+00	1.0916E+01
2.6092E-06	1.2606E+00	1.0972E+01
2.6194E-06	1.2636E+00	1.1028E+01
2.6297E-06	1.2667E+00	1.1084E+01
2.6400E-06	1.2700E+00	1.1140E+01
2.6503E-06	1.2733E+00	1.1197E+01
2.6607E-06	1.2767E+00	1.1253E+01
2.6712E-06	1.2802E+00	1.1310E+01
2.6817E-06	1.2838E+00	1.1367E+01
2.6922E-06	1.2875E+00	1.1424E+01
2.7027E-06	1.2912E+00	1.1481E+01
2.7134E-06	1.2951E+00	1.1538E+01
2.7240E-06	1.2991E+00	1.1595E+01
2.7347E-06	1.3032E+00	1.1653E+01
2.7454E-06	1.3073E+00	1.1711E+01
2.7562E-06	1.3116E+00	1.1768E+01
2.7670E-06	1.3160E+00	1.1826E+01
2.7779E-06	1.3204E+00	1.1885E+01
2.7888E-06	1.3249E+00	1.1943E+01
2.7997E-06	1.3296E+00	1.2001E+01
2.8107E-06	1.3343E+00	1.2060E+01
2.8217E-06	1.3391E+00	1.2119E+01
2.8328E-06	1.3440E+00	1.2178E+01
2.8439E-06	1.3490E+00	1.2237E+01
2.8551E-06	1.3541E+00	1.2296E+01
2.8663E-06	1.3593E+00	1.2355E+01
2.8775E-06	1.3646E+00	1.2415E+01
2.8888E-06	1.3700E+00	1.2475E+01
2.9001E-06	1.3754E+00	1.2534E+01
2.9115E-06	1.3810E+00	1.2594E+01
2.9229E-06	1.3866E+00	1.2655E+01
2.9344E-06	1.3924E+00	1.2715E+01
2.9459E-06	1.3982E+00	1.2775E+01
2.9575E-06	1.4041E+00	1.2836E+01
2.9691E-06	1.4102E+00	1.2897E+01
2.9807E-06	1.4163E+00	1.2958E+01
2.9924E-06	1.4225E+00	1.3019E+01
3.0042E-06	1.4288E+00	1.3081E+01
3.0160E-06	1.4351E+00	1.3142E+01
3.0278E-06	1.4416E+00	1.3204E+01
3.0397E-06	1.4482E+00	1.3266E+01
3.0516E-06	1.4549E+00	1.3328E+01
3.0636E-06	1.4616E+00	1.3390E+01
3.0756E-06	1.4685E+00	1.3453E+01
3.0877E-06	1.4754E+00	1.3515E+01
3.0998E-06	1.4824E+00	1.3578E+01
3.1119E-06	1.4896E+00	1.3641E+01
3.1241E-06	1.4968E+00	1.3704E+01
3.1364E-06	1.5041E+00	1.3767E+01
3.1487E-06	1.5115E+00	1.3831E+01
3.1611E-06	1.5190E+00	1.3894E+01
3.1735E-06	1.5266E+00	1.3958E+01
3.1859E-06	1.5343E+00	1.4022E+01
3.1984E-06	1.5420E+00	1.4087E+01
3.2110E-06	1.5499E+00	1.4151E+01
3.2236E-06	1.5579E+00	1.4216E+01
3.2362E-06	1.5660E+00	1.4280E+01
3.2489E-06	1.5741E+00	1.4345E+01
3.2617E-06	1.5824E+00	1.4411E+01
3.2744E-06	1.5907E+00	1.4476E+01
3.2873E-06	1.5992E+00	1.4541E+01
3.3002E-06	1.6077E+00	1.4607E+01
3.3131E-06	1.6164E+00	1.4673E+01
3.3261E-06	1.6251E+00	1.4739E+01
3.3392E-06	1.6339E+00	1.4806E+01
3.3523E-06	1.6429E+00	1.4872E+01
3.3654E-06	1.6519E+00	1.4939E+01
3.3787E-06	1.6610E+00	1.5006E+01
3.3919E-06	1.6703E+00	1.5073E+01
3.4052E-06	1.6796E+00	1.5140E+01
3.4186E-06	1.6890E+00	1.5208E+01
3.4320E-06	1.6985E+00	1.5275E+01
3.4455E-06	1.7082E+00	1.5343E+01
3.4590E-06	1.7179E+00	1.5411E+01
3.4725E-06	1.7277E+00	1.5480E+01
3.4862E-06	1.7377E+00	1.5548E+01
3.4999E-06	1.7477E+00	1.5617E+01
3.5136E-06	1.7578E+00	1.5686E+01
3.5274E-06	1.7681E+00	1.5755E+01
3.5412E-06	1.7784E+00	1.5825E+01
3.5551E-06	1.7888E+00	1.5894E+01
3.5691E-06	1.7994E+00	1.5964E+01
3.5831E-06	1.8100E+00	1.6034E+01
3.5971E-06	1.8208E+00	1.6104E+01
3.6112E-06	1.8316E+00	1.6175E+01
3.6254E-06	1.8426E+00	1.6245E+01
3.6396E-06	1.8537E+00	1.6316E+01
3.6539E-06	1.8649E+00	1.6387E+01
3.6682E-06	1.8761E+00	1.6458E+01
3.6826E-06	1.8875E+00	1.6530E+01
3.6971E-06	1.8990E+00	1.6602E+01
3.7116E-06	1.9107E+00	1.6674E+01
3.7262E-06	1.9224E+00	1.6746E+01
3.7408E-06	1.9342E+00	1.6818E+01
3.7554E-06	1.9461E+00	1.6891E+01
3.7702E-06	1.9582E+00	1.6964E+01
3.7850E-06	1.9703E+00	1.7037E+01
3.7998E-06	1.9826E+00	1.7110E+01
3.8147E-06	1.9950E+00	1.7184E+01
3.8297E-06	2.0075E+00	1.7257E+01
3.8447E-06	2.0201E+00	1.7331E+01
3.8598E-06	2.0328E+00	1.7405E+01
3.8750E-06	2.0457E+00	1.7480E+01
3.8902E-06	2.0586E+00	1.7555E+01
3.9054E-06	2.0717E+00	1.7629E+01
3.9207E-06	2.0849E+00	1.7705E+01
3.9361E-06	2.0982E+00	1.7780E+01
3.9516E-06	2.1116E+00	1.7855E+01
3.9671E-06	2.1252E+00	1.7931E+01
3.9826E-06	2.1388E+00	1.8007E+01
3.9983E-06	2.1526E+00	1.8084E+01
4.0140E-06	2.1665E+00	1.8160E+01
4.0297E-06	2.1805E+00	1.8237E+01
4.0455E-06	2.1947E+00	1.8314E+01
4.0614E-06	2.2090E+00	1.8391E+01
4.0773E-06	2.2233E+00	1.8469E+01
4.0933E-06	2.2379E+00	1.8546E+01
4.1094E-06	2.2525E+00	1.8624E+01
4.1255E-06	2.2673E+00	1.8703E+01
4.1417E-06	2.2821E+00	1.8781E+01
4.1579E-06	2.2972E+00	1.8860E+01
4.1743E-06	2.3123E+00	1.8939E+01
4.1906E-06	2.3276E+00	1.9018E+01
4.2071E-06	2.3430E+00	1.9097E+01
4.2236E-06	2.3585E+00	1.9177E+01
4.2402E-06	2.3742E+00	1.9257E+01
4.2568E-06	2.3900E+00	1.9337E+01
4.2735E-06	2.4059E+00	1.9418E+01
4.2903E-06	2.4219E+00	1.9498E+01
4.3071E-06	2.4381E+00	1.9579E+01
4.3240E-06	2.4544E+00	1.9660E+01
4.3410E-06	2.4709E+00	1.9742E+01
4.3580E-06	2.4875E+00	1.9823E+01
4.3751E-06	2.5042E+00	1.9905E+01
4.3923E-06	2.5211E+00	1.9988E+01
4.4095E-06	2.5381E+00	2.0070E+01
4.4268E-06	2.5552E+00	2.0153E+01
4.4442E-06	2.5725E+00	2.0236E+01
4.4616E-06	2.5899E+00	2.0319E+01
4.4791E-06	2.6075E+00	2.0403E+01
4.4967E-06	2.6252E+00	2.0486E+01
4.5143E-06	2.6431E+00	2.0570E+01
4.5320E-06	2.6611E+00	2.0655E+01
4.5498E-06	2.6792E+00	2.0739E+01
4.5677E-06	2.6975E+00	2.0824E+01
4.5856E-06	2.7159E+00	2.0909E+01
4.6036E-06	2.7345E+00	2.0995E+01
4.6217E-06	2.7532E+00	2.1080E+01
4.6398E-06	2.7721E+00	2.1166E+01
4.6580E-06	2.7911E+00	2.1252E+01
4.6763E-06	2.8103E+00	2.1339E+01
4.6946E-06	2.8296E+00	2.1425E+01
4.7130E-06	2.8491E+00	2.1512E+01
4.7315E-06	2.8687E+00	2.1600E+01
4.7501E-06	2.8885E+00	2.1687E+01
4.7687E-06	2.9085E+00	2.1775E+01
4.7874E-06	2.9286E+00	2.1863E+01
4.8062E-06	2.9488E+00	2.1951E+01
4.8251E-06	2.9692E+00	2.2040E+01
4.8440E-06	2.9898E+00	2.2129E+01
4.8630E-06	3.0105E+00	2.2218E+01
4.8821E-06	3.0314E+00	2.2307E+01
4.9013E-06	3.0525E+00	2.2397E+01
4.9205E-06	3.0737E+00	2.2487E+01
4.9398E-06	3.0951E+00	2.2577E+01
4.9592E-06	3.1167E+00	2.2668E+01
4.9786E-06	3.1384E+00	2.2759E+01
4.9982E-06	3.1603E+00	2.2850E+01
5.0178E-06	3.1823E+00	2.2941E+01
5.0375E-06	3.2045E+00	2.3033E+01
5.0572E-06	3.2269E+00	2.3125E+01
5.0771E-06	3.2495E+00	2.3217E+01
5.0970E-06	3.2722E+00	2.3310E+01
5.1170E-06	3.2951E+00	2.3403E+01
5.1371E-06	3.3182E+00	2.3496E+01
5.1572E-06	3.3415E+00	2.3589E+01
5.1775E-06	3.3649E+00	2.3683E+01
5.1978E-06	3.3885E+00	2.3777E+01
5.2182E-06	3.4123E+00	2.3871E+01
5.2386E-06	3.4363E+00	2.3966E+01
5.2592E-06	3.4605E+00	2.4061E+01
5.2798E-06	3.4848E+00	2.4156E+01
5.3005E-06	3.5093E+00	2.4251E+01
5.3213E-06	3.5340E+00	2.4347E+01
5.3422E-06	3.5589E+00	2.4443E+01
5.3632E-06	3.5840E+00	2.4539E+01
5.3842E-06	3.6093E+00	2.4636E+01
5.4054E-06	3.6347E+00	2.4733E+01
5.4266E-06	3.6603E+00	2.4830E+01
5.4479E-06	3.6862E+00	2.4928E+01
5.4692E-06	3.7122E+00	2.5026E+01
5.4907E-06	3.7384E+00	2.5124E+01
5.5122E-06	3.7648E+00	2.5222E+01
5.5339E-06	3.7914E+00	2.5321E+01
5.5556E-06	3.8183E+00	2.5420E+01
5.5774E-06	3.8453E+00	2.5519E+01
5.5993E-06	3.8725E+00	2.5619E+01
5.6212E-06	3.8999E+00	2.5719E+01
5.6433E-06	3.9275E+00	2.5819E+01
5.6654E-06	3.9553E+00	2.5920E+01
5.6876E-06	3.9833E+00	2.6020E+01
5.7100E-06	4.0115E+00	2.6122E+01
5.7324E-06	4.0399E+00	2.6223E+01
5.7549E-06	4.0686E+00	2.6325E+01
5.7774E-06	4.0974E+00	2.6427E+01
5.8001E-06	4.1265E+00	2.6529E+01
5.8229E-06	4.1557E+00	2.6632E+01
5.8457E-06	4.1852E+00	2.6735E+01
5.8686E-06	4.2149E+00	2.6838E+01
5.8917E-06	4.2448E+00	2.6942E+01
5.9148E-06	4.2749E+00	2.7046E+01
5.9380E-06	4.3053E+00	2.7150E+01
5.9613E-06	4.3358E+00	2.7255E+01
5.9847E-06	4.3666E+00	2.7360E+01
6.0082E-06	4.3976E+00	2.7465E+01
6.0317E-06	4.4288E+00	2.7570E+01
6.0554E-06	4.4603E+00	2.7676E+01
6.0792E-06	4.4920E+00	2.7782E+01
6.1030E-06	4.5239E+00	2.7889E+01
6.1270E-06	4.5560E+00	2.7995E+01
6.1510E-06	4.5884E+00	2.8103E+01
6.1751E-06	4.6210E+00	2.8210E+01
6.1994E-06	4.6538E+00	2.8318E+01
6.2237E-06	4.6868E+00	2.8426E+01
6.2481E-06	4.7201E+00	2.8534E+01
6.2726E-06	4.7537E+00	2.8643E+01
6.2972E-06	4.7874E+00	2.8752E+01
6.3219E-06	4.8214E+00	2.8861E+01
6.3468E-06	4.8557E+00	2.8971E+01
6.3717E-06	4.8902E+00	2.9081E+01
6.3967E-06	4.9249E+00	2.9191E+01
6.4218E-06	4.9599E+00	2.9302E+01
6.4469E-06	4.9951E+00	2.9412E+01
6.4722E-06	5.0306E+00	2.9524E+01
6.4976E-06	5.0663E+00	2.9635E+01
6.5231E-06	5.1023E+00	2.9747E+01
6.5487E-06	5.1385E+00	2.9859E+01
6.5744E-06	5.1750E+00	2.9972E+01
6.6002E-06	5.2117E+00	3.0085E+01
6.6261E-06	5.2487E+00	3.0198E+01
6.6521E-06	5.2860E+00	3.0312E+01
6.6782E-06	5.3235E+00	3.0425E+01
6.7044E-06	5.3613E+00	3.0540E+01
6.7307E-06	5.3993E+00	3.0654E+01
6.7571E-06	5.4376E+00	3.0769E+01
6.7836E-06	5.4762E+00	3.0884E+01
6.8103E-06	5.5150E+00	3.1000E+01
6.8370E-06	5.5541E+00	3.1115E+01
6.8638E-06	5.5934E+00	3.1232E+01
6.8907E-06	5.6331E+00	3.1348E+01
6.9178E-06	5.6730E+00	3.1465E+01
6.9449E-06	5.7132E+00	3.1582E+01
6.9722E-06	5.7536E+00	3.1699E+01
6.9995E-06	5.7944E+00	3.1817E+01
7.0270E-06	5.8354E+00	3.1935E+01
7.0546E-06	5.8767E+00	3.2054E+01
7.0822E-06	5.9182E+00	3.2173E+01
7.1100E-06	5.9601E+00	3.2292E+01
7.1379E-06	6.0023E+00	3.2411E+01
7.1659E-06	6.0447E+00	3.2531E+01
7.1940E-06	6.0874E+00	3.2651E+01
7.2223E-06	6.1304E+00	3.2772E+01
7.2506E-06	6.1737E+00	3.2892E+01
7.2791E-06	6.2173E+00	3.3014E+01
7.3076E-06	6.2612E+00	3.3135E+01
7.3363E-06	6.3054E+00	3.3257E+01
7.3651E-06	6.3498E+00	3.3379E+01
7.3940E-06	6.3946E+00	3.3501E+01
7.4230E-06	6.4397E+00	3.3624E+01
7.4521E-06	6.4851E+00	3.3747E+01
7.4813E-06	6.5308E+00	3.3871E+01
7.5107E-06	6.5768E+00	3.3995E+01
7.5402E-06	6.6231E+00	3.4119E+01
7.5698E-06	6.6697E+00	3.4243E+01
7.5995E-06	6.7166E+00	3.4368E+01
7.6293E-06	6.7638E+00	3.4493E+01
7.6592E-06	6.8113E+00	3.4619E+01
7.6893E-06	6.8592E+00	3.4744E+01
7.7194E-06	6.9074E+00	3.4871E+01
7.7497E-06	6.9558E+00	3.4997E+01
7.7801E-06	7.0047E+00	3.5124E+01
7.8106E-06	7.0538E+00	3.5251E+01
7.8413E-06	7.1032E+00	3.5379E+01
7.8721E-06	7.1530E+00	3.5506E+01
7.9029E-06	7.2031E+00	3.5634E+01
7.9340E-06	7.2535E+00	3.5763E+01
7.9651E-06	7.3043E+00	3.5892E+01
7.9963E-06	7.3554E+00	3.6021E+01
8.0277E-06	7.4068E+00	3.6151E+01
8.0592E-06	7.4586E+00	3.6280E+01
8.0908E-06	7.5107E+00	3.6411E+01
8.1226E-06	7.5631E+00	3.6541E+01
8.1544E-06	7.6159E+00	3.6672E+01
8.1864E-06	7.6690E+00	3.6803E+01
8.2186E-06	7.7224E+00	3.6935E+01
8.2508E-06	7.7762E+00	3.7066E+01
8.2832E-06	7.8304E+00	3.7199E+01
8.3157E-06	7.8849E+00	3.7331E+01
8.3483E-06	7.9397E+00	3.7464E+01
8.3811E-06	7.9949E+00	3.7597E+01
8.4139E-06	8.0504E+00	3.7731E+01
8.4470E-06	8.1063E+00	3.7865E+01
8.4801E-06	8.1626E+00	3.7999E+01
8.5134E-06	8.2192E+00	3.8133E+01
8.5468E-06	8.2762E+00	3.8268E+01
8.5803E-06	8.3335E+00	3.8404E+01
8.6140E-06	8.3912E+00	3.8539E+01
8.6478E-06	8.4493E+00	3.8675E+01
8.6817E-06	8.5077E+00	3.8811E+01
8.7158E-06	8.5665E+00	3.8948E+01
8.7500E-06	8.6257E+00	3.9085E+01
8.7843E-06	8.6852E+00	3.9222E+01
8.8188E-06	8.7451E+00	3.9359E+01
8.8534E-06	8.8054E+00	3.9497E+01
8.8881E-06	8.8660E+00	3.9635E+01
8.9230E-06	8.9271E+00	3.9774E+01
8.9580E-06	8.9885E+00	3.9913E+01
8.9931E-06	9.0503E+00	4.0052E+01
9.0284E-06	9.1124E+00	4.0192E+01
9.0638E-06	9.1750E+00	4.0331E+01
9.0994E-06	9.2379E+00	4.0472E+01
9.1351E-06	9.3013E+00	4.0612E+01
9.1710E-06	9.3650E+00	4.0753E+01
9.2069E-06	9.4291E+00	4.0894E+01
9.2431E-06	9.4936E+00	4.1036E+01
9.2793E-06	9.5585E+00	4.1178E+01
9.3157E-06	9.6238E+00	4.1320E+01
9.3523E-06	9.6895E+00	4.1462E+01
9.3890E-06	9.7556E+00	4.1605E+01
9.4258E-06	9.8221E+00	4.1748E+01
9.4628E-06	9.8890E+00	4.1892E+01
9.4999E-06	9.9563E+00	4.2035E+01
9.5372E-06	1.0024E+01	4.2180E+01
9.5746E-06	1.0092E+01	4.2324E+01
9.6122E-06	1.0161E+01	4.2469E+01
9.6499E-06	1.0230E+01	4.2614E+01
9.6878E-06	1.0299E+01	4.2759E+01
9.7258E-06	1.0369E+01	4.2905E+01
9.7639E-06	1.0439E+01	4.3051E+01
9.8023E-06	1.0509E+01	4.3198E+01
9.8407E-06	1.0580E+01	4.3344E+01
9.8793E-06	1.0652E+01	4.3491E+01
9.9181E-06	1.0724E+01	4.3639E+01
9.9570E-06	1.0796E+01	4.3786E+01
9.9961E-06	1.0869E+01	4.3934E+01
1.0035E-05	1.0942E+01	4.4083E+01
1.0075E-05	1.1015E+01	4.4231E+01
1.0114E-05	1.1089E+01	4.4380E+01
1.0154E-05	1.1164E+01	4.4529E+01
1.0194E-05	1.1239E+01	4.4679E+01
1.0234E-05	1.1314E+01	4.4829E+01
1.0274E-05	1.1390E+01	4.4979E+01
1.0314E-05	1.1466E+01	4.5130E+01
1.0355E-05	1.1542E+01	4.5280E+01
1.0395E-05	1.1619E+01	4.5431E+01
1.0436E-05	1.1697E+01	4.5583E+01
1.0477E-05	1.1775E+01	4.5735E+01
1.0518E-05	1.1853E+01	4.5887E+01
1.0559E-05	1.1932E+01	4.6039E+01
1.0601E-05	1.2011E+01	4.6192E+01
1.0642E-05	1.2091E+01	4.6345E+01
1.0684E-05	1.2171E+01	4.6498E+01
1.0726E-05	1.2252E+01	4.6652E+01
1.0768E-05	1.2333E+01	4.6805E+01
1.0810E-05	1.2414E+01	4.6960E+01
1.0853E-05	1.2496E+01	4.7114E+01
1.0895E-05	1.2579E+01	4.7269E+01
1.0938E-05	1.2662E+01	4.7424E+01
1.0981E-05	1.2745E+01	4.7579E+01
1.1024E-05	1.2829E+01	4.7735E+01
1.1067E-05	1.2913E+01	4.7891E+01
1.1111E-05	1.2998E+01	4.8047E+01
1.1154E-05	1.3083E+01	4.8204E+01
1.1198E-05	1.3169E+01	4.8361E+01
1.1242E-05	1.3255E+01	4.8518E+01
1.1286E-05	1.3342E+01	4.8675E+01
1.1331E-05	1.3429E+01	4.8833E+01
1.1375E-05	1.3517E+01	4.8991E+01
1.1420E-05	1.3605E+01	4.9150E+01
1.1464E-05	1.3693E+01	4.9308E+01
1.1509E-05	1.3782E+01	4.9467E+01
1.1555E-05	1.3872E+01	4.9626E+01
1.1600E-05	1.3962E+01	4.9786E+01
1.1645E-05	1.4052E+01	4.9946E+01
1.1691E-05	1.4143E+01	5.0106E+01
1.1737E-05	1.4235E+01	5.0266E+01
1.1783E-05	1.4327E+01	5.0426E+01
1.1829E-05	1.4419E+01	5.0587E+01
1.1876E-05	1.4512E+01	5.0749E+01
1.1922E-05	1.4605E+01	5.0910E+01
1.1969E-05	1.4699E+01	5.1072E+01
1.2016E-05	1.4794E+01	5.1234E+01
1.2063E-05	1.4888E+01	5.1396E+01
1.2111E-05	1.4984E+01	5.1558E+01
1.2158E-05	1.5080E+01	5.1721E+01
1.2206E-05	1.5176E+01	5.1884E+01
1.2254E-05	1.5273E+01	5.2048E+01
1.2302E-05	1.5370E+01	5.2211E+01
1.2350E-05	1.5468E+01	5.2375E+01
1.2398E-05	1.5567E+01	5.2539E+01
