2.7000E-07	1.36E+00	1.32E+00
2.8000E-07	1.48E+00	1.24E+00
2.9000E-07	1.53E+00	1.17E+00
3.0000E-07	1.61E+00	9.13E-01
3.1000E-07	1.37E+00	5.19E-01
3.2000E-07	8.19E-01	3.33E-01
3.3000E-07	2.21E-01	6.78E-01
3.4000E-07	1.11E-01	1.08E+00
3.5000E-07	8.44E-02	1.34E+00
3.6000E-07	7.34E-02	1.54E+00
3.7000E-07	6.73E-02	1.70E+00
3.8000E-07	6.33E-02	1.84E+00
3.9000E-07	6.04E-02	1.97E+00
4.0000E-07	5.82E-02	2.09E+00
4.1000E-07	5.65E-02	2.20E+00
4.2000E-07	5.52E-02	2.31E+00
4.3000E-07	5.41E-02	2.41E+00
4.4000E-07	5.33E-02	2.51E+00
4.5000E-07	5.27E-02	2.61E+00
4.6000E-07	5.23E-02	2.70E+00
4.7000E-07	5.20E-02	2.80E+00
4.8000E-07	5.18E-02	2.89E+00
4.9000E-07	5.18E-02	2.97E+00
5.0000E-07	5.18E-02	3.06E+00
5.1000E-07	5.19E-02	3.15E+00
5.2000E-07	5.22E-02	3.23E+00
5.3000E-07	5.25E-02	3.32E+00
5.4000E-07	5.28E-02	3.40E+00
5.5000E-07	5.33E-02	3.48E+00
5.6000E-07	5.38E-02	3.57E+00
5.7000E-07	5.43E-02	3.65E+00
5.8000E-07	5.49E-02	3.73E+00
5.9000E-07	5.56E-02	3.81E+00
6.0000E-07	5.63E-02	3.89E+00
6.1000E-07	5.71E-02	3.97E+00
6.2000E-07	5.79E-02	4.05E+00
6.3000E-07	5.88E-02	4.13E+00
6.4000E-07	5.97E-02	4.21E+00
6.5000E-07	6.06E-02	4.28E+00
6.6000E-07	6.16E-02	4.36E+00
6.7000E-07	6.26E-02	4.44E+00
6.8000E-07	6.37E-02	4.52E+00
6.9000E-07	6.48E-02	4.59E+00
7.0000E-07	6.59E-02	4.67E+00
7.1000E-07	6.71E-02	4.75E+00
7.2000E-07	6.83E-02	4.82E+00
7.3000E-07	6.95E-02	4.90E+00
7.4000E-07	7.08E-02	4.98E+00
7.5000E-07	7.21E-02	5.05E+00
7.6000E-07	7.34E-02	5.13E+00
7.7000E-07	7.48E-02	5.20E+00
7.8000E-07	7.62E-02	5.28E+00
7.9000E-07	7.76E-02	5.35E+00
8.0000E-07	7.91E-02	5.43E+00
8.1000E-07	8.06E-02	5.50E+00
8.2000E-07	8.21E-02	5.58E+00
8.3000E-07	8.36E-02	5.65E+00
8.4000E-07	8.52E-02	5.73E+00
8.5000E-07	8.68E-02	5.80E+00
8.6000E-07	8.84E-02	5.88E+00
8.7000E-07	9.01E-02	5.95E+00
8.8000E-07	9.17E-02	6.03E+00
8.9000E-07	9.35E-02	6.10E+00
9.0000E-07	9.52E-02	6.17E+00
9.1000E-07	9.69E-02	6.25E+00
9.2000E-07	9.87E-02	6.32E+00
9.3000E-07	1.01E-01	6.40E+00
9.4000E-07	1.02E-01	6.47E+00
9.5000E-07	1.04E-01	6.54E+00
9.6000E-07	1.06E-01	6.62E+00
9.7000E-07	1.08E-01	6.69E+00
9.8000E-07	1.10E-01	6.77E+00
9.9000E-07	1.12E-01	6.84E+00
1.0000E-06	1.14E-01	6.91E+00
1.0100E-06	1.16E-01	6.99E+00
1.0200E-06	1.18E-01	7.06E+00
1.0300E-06	1.20E-01	7.13E+00
1.0400E-06	1.22E-01	7.21E+00
1.0500E-06	1.24E-01	7.28E+00
1.0600E-06	1.26E-01	7.35E+00
1.0700E-06	1.29E-01	7.43E+00
1.0800E-06	1.31E-01	7.50E+00
1.0900E-06	1.33E-01	7.57E+00
1.1000E-06	1.35E-01	7.65E+00
1.1100E-06	1.37E-01	7.72E+00
1.1200E-06	1.40E-01	7.79E+00
1.1300E-06	1.42E-01	7.86E+00
1.1400E-06	1.44E-01	7.94E+00
1.1500E-06	1.47E-01	8.01E+00
1.1600E-06	1.49E-01	8.08E+00
1.1700E-06	1.51E-01	8.16E+00
1.1800E-06	1.54E-01	8.23E+00
1.1900E-06	1.56E-01	8.30E+00
1.2000E-06	1.59E-01	8.37E+00
1.2100E-06	1.61E-01	8.45E+00
1.2200E-06	1.64E-01	8.52E+00
1.2300E-06	1.66E-01	8.59E+00
1.2400E-06	1.69E-01	8.66E+00
1.2500E-06	1.71E-01	8.74E+00
1.2600E-06	1.74E-01	8.81E+00
1.2700E-06	1.76E-01	8.87E+00
1.2700E-06	1.76E-01	8.88E+00
1.2800E-06	1.79E-01	8.94E+00
1.2800E-06	1.79E-01	8.95E+00
1.2900E-06	1.81E-01	9.02E+00
1.2900E-06	1.82E-01	9.03E+00
1.3000E-06	1.84E-01	9.09E+00
1.3000E-06	1.84E-01	9.10E+00
1.3100E-06	1.87E-01	9.17E+00
1.3100E-06	1.87E-01	9.17E+00
1.3200E-06	1.90E-01	9.24E+00
1.3200E-06	1.90E-01	9.24E+00
1.3300E-06	1.92E-01	9.30E+00
1.3300E-06	1.92E-01	9.32E+00
1.3400E-06	1.95E-01	9.38E+00
1.3400E-06	1.95E-01	9.39E+00
1.3500E-06	1.97E-01	9.44E+00
1.3500E-06	1.98E-01	9.46E+00
1.3600E-06	2.00E-01	9.52E+00
1.3700E-06	2.03E-01	9.59E+00
1.3800E-06	2.06E-01	9.67E+00
1.3900E-06	2.09E-01	9.73E+00
1.4000E-06	2.12E-01	9.82E+00
1.4100E-06	2.15E-01	9.89E+00
1.4200E-06	2.18E-01	9.95E+00
1.4300E-06	2.20E-01	1.00E+01
1.4300E-06	2.21E-01	1.00E+01
1.4400E-06	2.23E-01	1.01E+01
1.4400E-06	2.24E-01	1.01E+01
1.4500E-06	2.27E-01	1.02E+01
1.4500E-06	2.27E-01	1.02E+01
1.4600E-06	2.30E-01	1.03E+01
1.4600E-06	2.30E-01	1.03E+01
1.4700E-06	2.33E-01	1.03E+01
1.4700E-06	2.33E-01	1.03E+01
1.4800E-06	2.36E-01	1.04E+01
1.4800E-06	2.36E-01	1.04E+01
1.4900E-06	2.39E-01	1.05E+01
1.4900E-06	2.39E-01	1.05E+01
1.5000E-06	2.41E-01	1.05E+01
1.5000E-06	2.42E-01	1.05E+01
1.5100E-06	2.45E-01	1.06E+01
1.5100E-06	2.46E-01	1.06E+01
1.5200E-06	2.48E-01	1.07E+01
1.5200E-06	2.49E-01	1.07E+01
1.5300E-06	2.51E-01	1.08E+01
1.5300E-06	2.52E-01	1.08E+01
1.5400E-06	2.55E-01	1.08E+01
1.5400E-06	2.55E-01	1.08E+01
1.5500E-06	2.57E-01	1.09E+01
1.5500E-06	2.58E-01	1.09E+01
1.5600E-06	2.61E-01	1.10E+01
1.5600E-06	2.62E-01	1.10E+01
1.5700E-06	2.65E-01	1.10E+01
1.5700E-06	2.65E-01	1.11E+01
1.5800E-06	2.67E-01	1.11E+01
1.5800E-06	2.68E-01	1.11E+01
1.5900E-06	2.71E-01	1.12E+01
1.5900E-06	2.71E-01	1.12E+01
1.6000E-06	2.73E-01	1.12E+01
1.6000E-06	2.75E-01	1.13E+01
1.6100E-06	2.77E-01	1.13E+01
1.6100E-06	2.78E-01	1.13E+01
1.6200E-06	2.80E-01	1.14E+01
1.6200E-06	2.81E-01	1.14E+01
1.6300E-06	2.84E-01	1.15E+01
1.6300E-06	2.85E-01	1.15E+01
1.6400E-06	2.87E-01	1.15E+01
1.6400E-06	2.88E-01	1.16E+01
1.6500E-06	2.91E-01	1.16E+01
1.6500E-06	2.92E-01	1.16E+01
1.6600E-06	2.94E-01	1.17E+01
1.6600E-06	2.95E-01	1.17E+01
1.6700E-06	2.97E-01	1.17E+01
1.6700E-06	2.99E-01	1.18E+01
1.6800E-06	3.02E-01	1.18E+01
1.6800E-06	3.02E-01	1.18E+01
1.6900E-06	3.05E-01	1.19E+01
1.6900E-06	3.06E-01	1.19E+01
1.7000E-06	3.08E-01	1.20E+01
1.7000E-06	3.09E-01	1.20E+01
1.7100E-06	3.11E-01	1.20E+01
1.7100E-06	3.13E-01	1.21E+01
1.7200E-06	3.16E-01	1.21E+01
1.7200E-06	3.16E-01	1.21E+01
1.7300E-06	3.19E-01	1.22E+01
1.7300E-06	3.20E-01	1.22E+01
1.7400E-06	3.23E-01	1.23E+01
1.7400E-06	3.24E-01	1.23E+01
1.7500E-06	3.26E-01	1.23E+01
1.7500E-06	3.27E-01	1.23E+01
1.7600E-06	3.30E-01	1.24E+01
1.7600E-06	3.31E-01	1.24E+01
1.7700E-06	3.33E-01	1.25E+01
1.7700E-06	3.35E-01	1.25E+01
1.7800E-06	3.37E-01	1.25E+01
1.7800E-06	3.38E-01	1.26E+01
1.7900E-06	3.40E-01	1.26E+01
1.7900E-06	3.42E-01	1.26E+01
1.8000E-06	3.44E-01	1.27E+01
1.8000E-06	3.46E-01	1.27E+01
1.8100E-06	3.48E-01	1.27E+01
1.8100E-06	3.49E-01	1.28E+01
1.8200E-06	3.52E-01	1.28E+01
1.8200E-06	3.53E-01	1.28E+01
1.8300E-06	3.55E-01	1.29E+01
1.8300E-06	3.57E-01	1.29E+01
1.8400E-06	3.59E-01	1.30E+01
1.8400E-06	3.61E-01	1.30E+01
1.8500E-06	3.63E-01	1.30E+01
1.8500E-06	3.65E-01	1.31E+01
1.8600E-06	3.68E-01	1.31E+01
1.8600E-06	3.69E-01	1.31E+01
1.8700E-06	3.72E-01	1.32E+01
1.8700E-06	3.73E-01	1.32E+01
1.8800E-06	3.76E-01	1.33E+01
1.8800E-06	3.76E-01	1.33E+01
1.8900E-06	3.80E-01	1.33E+01
1.8900E-06	3.80E-01	1.33E+01
1.9000E-06	3.82E-01	1.34E+01
1.9000E-06	3.84E-01	1.34E+01
1.9100E-06	3.87E-01	1.35E+01
1.9100E-06	3.88E-01	1.35E+01
1.9200E-06	3.91E-01	1.35E+01
1.9200E-06	3.92E-01	1.36E+01
1.9300E-06	3.96E-01	1.36E+01
1.9300E-06	3.96E-01	1.36E+01
1.9300E-06	3.98E-01	1.37E+01
1.9400E-06	4.00E-01	1.37E+01
1.9500E-06	4.03E-01	1.38E+01
1.9500E-06	4.05E-01	1.38E+01
1.9600E-06	4.08E-01	1.38E+01
1.9600E-06	4.09E-01	1.38E+01
1.9700E-06	4.13E-01	1.39E+01
1.9700E-06	4.13E-01	1.39E+01
1.9800E-06	4.15E-01	1.40E+01
1.9800E-06	4.17E-01	1.40E+01
1.9900E-06	4.20E-01	1.41E+01
1.9900E-06	4.21E-01	1.41E+01
1.9900E-06	4.23E-01	1.41E+01
2.0000E-06	4.25E-01	1.41E+01
2.0100E-06	4.28E-01	1.42E+01
2.0200E-06	4.33E-01	1.43E+01
2.0300E-06	4.36E-01	1.43E+01
2.0400E-06	4.41E-01	1.44E+01
2.0400E-06	4.44E-01	1.45E+01
2.0600E-06	4.50E-01	1.45E+01
2.0600E-06	4.52E-01	1.46E+01
2.0800E-06	4.58E-01	1.47E+01
2.0800E-06	4.61E-01	1.47E+01
2.1000E-06	4.67E-01	1.48E+01
2.1000E-06	4.70E-01	1.49E+01
2.1200E-06	4.76E-01	1.50E+01
2.1300E-06	4.79E-01	1.50E+01
2.1400E-06	4.85E-01	1.51E+01
2.1500E-06	4.89E-01	1.52E+01
2.1500E-06	4.92E-01	1.52E+01
2.1700E-06	4.98E-01	1.53E+01
2.1800E-06	5.02E-01	1.54E+01
2.1900E-06	5.08E-01	1.55E+01
2.2000E-06	5.12E-01	1.55E+01
2.2000E-06	5.15E-01	1.56E+01
2.2200E-06	5.22E-01	1.57E+01
2.2300E-06	5.26E-01	1.58E+01
2.2400E-06	5.29E-01	1.58E+01
2.2400E-06	5.33E-01	1.59E+01
2.2600E-06	5.40E-01	1.60E+01
2.2700E-06	5.44E-01	1.60E+01
2.2700E-06	5.48E-01	1.61E+01
2.2800E-06	5.52E-01	1.61E+01
2.3000E-06	5.59E-01	1.63E+01
2.3100E-06	5.63E-01	1.63E+01
2.3100E-06	5.67E-01	1.64E+01
2.3200E-06	5.71E-01	1.64E+01
2.3400E-06	5.79E-01	1.66E+01
2.3500E-06	5.84E-01	1.66E+01
2.3600E-06	5.88E-01	1.67E+01
2.3700E-06	5.92E-01	1.67E+01
2.3700E-06	5.96E-01	1.68E+01
2.3800E-06	6.01E-01	1.69E+01
2.3900E-06	6.05E-01	1.69E+01
2.4100E-06	6.14E-01	1.71E+01
2.4200E-06	6.19E-01	1.71E+01
2.4300E-06	6.23E-01	1.72E+01
2.4400E-06	6.28E-01	1.72E+01
2.4500E-06	6.32E-01	1.73E+01
2.4600E-06	6.37E-01	1.74E+01
2.4600E-06	6.42E-01	1.74E+01
2.4700E-06	6.47E-01	1.75E+01
2.4800E-06	6.52E-01	1.76E+01
2.4900E-06	6.57E-01	1.77E+01
2.5000E-06	6.62E-01	1.77E+01
2.5100E-06	6.67E-01	1.78E+01
2.5200E-06	6.72E-01	1.79E+01
2.5300E-06	6.77E-01	1.79E+01
2.5400E-06	6.82E-01	1.80E+01
2.5500E-06	6.88E-01	1.81E+01
2.5600E-06	6.93E-01	1.81E+01
2.5700E-06	6.99E-01	1.82E+01
2.5800E-06	7.04E-01	1.83E+01
2.5900E-06	7.10E-01	1.84E+01
2.6000E-06	7.15E-01	1.84E+01
2.6100E-06	7.21E-01	1.85E+01
2.6200E-06	7.27E-01	1.86E+01
2.6300E-06	7.33E-01	1.87E+01
2.6500E-06	7.39E-01	1.87E+01
2.6600E-06	7.45E-01	1.88E+01
2.6700E-06	7.51E-01	1.89E+01
2.6800E-06	7.57E-01	1.90E+01
2.6900E-06	7.63E-01	1.90E+01
2.7000E-06	7.70E-01	1.91E+01
2.7100E-06	7.76E-01	1.92E+01
2.7200E-06	7.82E-01	1.93E+01
2.7300E-06	7.89E-01	1.94E+01
2.7500E-06	7.96E-01	1.95E+01
2.7600E-06	8.02E-01	1.95E+01
2.7700E-06	8.09E-01	1.96E+01
2.7800E-06	8.16E-01	1.97E+01
2.7900E-06	8.23E-01	1.98E+01
2.8100E-06	8.30E-01	1.99E+01
2.8200E-06	8.37E-01	2.00E+01
2.8300E-06	8.44E-01	2.00E+01
2.8400E-06	8.52E-01	2.01E+01
2.8600E-06	8.59E-01	2.02E+01
2.8700E-06	8.67E-01	2.03E+01
2.8800E-06	8.74E-01	2.04E+01
2.8900E-06	8.82E-01	2.05E+01
2.9100E-06	8.90E-01	2.06E+01
2.9200E-06	8.98E-01	2.07E+01
2.9300E-06	9.06E-01	2.08E+01
2.9500E-06	9.14E-01	2.09E+01
2.9600E-06	9.23E-01	2.10E+01
2.9700E-06	9.31E-01	2.11E+01
2.9900E-06	9.39E-01	2.12E+01
3.0000E-06	9.48E-01	2.13E+01
3.0100E-06	9.57E-01	2.14E+01
3.0300E-06	9.66E-01	2.15E+01
3.0400E-06	9.75E-01	2.16E+01
3.0600E-06	9.84E-01	2.17E+01
3.0700E-06	9.93E-01	2.18E+01
3.0900E-06	1.00E+00	2.19E+01
3.1000E-06	1.01E+00	2.20E+01
3.1200E-06	1.02E+00	2.21E+01
3.1300E-06	1.03E+00	2.22E+01
3.1500E-06	1.04E+00	2.23E+01
3.1600E-06	1.05E+00	2.24E+01
3.1800E-06	1.06E+00	2.25E+01
3.1900E-06	1.07E+00	2.26E+01
3.2100E-06	1.08E+00	2.27E+01
3.2200E-06	1.09E+00	2.28E+01
3.2400E-06	1.10E+00	2.30E+01
3.2600E-06	1.12E+00	2.31E+01
3.2700E-06	1.13E+00	2.32E+01
3.2900E-06	1.14E+00	2.33E+01
3.3100E-06	1.15E+00	2.34E+01
3.3200E-06	1.16E+00	2.35E+01
3.3400E-06	1.17E+00	2.37E+01
3.3600E-06	1.19E+00	2.38E+01
3.3800E-06	1.20E+00	2.39E+01
3.3900E-06	1.21E+00	2.40E+01
3.4100E-06	1.22E+00	2.42E+01
3.4300E-06	1.24E+00	2.43E+01
3.4500E-06	1.25E+00	2.44E+01
3.4700E-06	1.26E+00	2.45E+01
3.4800E-06	1.28E+00	2.47E+01
3.5000E-06	1.29E+00	2.48E+01
3.5200E-06	1.30E+00	2.49E+01
3.5400E-06	1.32E+00	2.51E+01
3.5600E-06	1.33E+00	2.52E+01
3.5800E-06	1.35E+00	2.54E+01
3.6000E-06	1.36E+00	2.55E+01
3.6200E-06	1.38E+00	2.56E+01
3.6400E-06	1.39E+00	2.58E+01
3.6600E-06	1.41E+00	2.59E+01
3.6800E-06	1.42E+00	2.61E+01
3.7000E-06	1.44E+00	2.62E+01
3.7200E-06	1.46E+00	2.64E+01
3.7500E-06	1.47E+00	2.65E+01
3.7700E-06	1.49E+00	2.67E+01
3.7900E-06	1.51E+00	2.68E+01
3.8100E-06	1.52E+00	2.70E+01
3.8300E-06	1.54E+00	2.71E+01
3.8600E-06	1.56E+00	2.73E+01
3.8800E-06	1.58E+00	2.75E+01
3.9000E-06	1.60E+00	2.76E+01
3.9300E-06	1.62E+00	2.78E+01
3.9500E-06	1.64E+00	2.80E+01
3.9800E-06	1.66E+00	2.81E+01
4.0000E-06	1.68E+00	2.83E+01
4.0300E-06	1.70E+00	2.85E+01
4.0500E-06	1.72E+00	2.87E+01
4.0800E-06	1.74E+00	2.88E+01
4.1000E-06	1.76E+00	2.90E+01
4.1300E-06	1.78E+00	2.92E+01
4.1500E-06	1.81E+00	2.94E+01
4.1800E-06	1.83E+00	2.96E+01
4.2100E-06	1.85E+00	2.98E+01
4.2400E-06	1.88E+00	3.00E+01
4.2600E-06	1.90E+00	3.02E+01
4.2900E-06	1.93E+00	3.04E+01
4.3200E-06	1.95E+00	3.06E+01
4.3500E-06	1.98E+00	3.08E+01
4.3800E-06	2.00E+00	3.10E+01
4.4100E-06	2.03E+00	3.12E+01
4.4400E-06	2.06E+00	3.14E+01
4.4700E-06	2.09E+00	3.16E+01
4.5000E-06	2.12E+00	3.18E+01
4.5300E-06	2.15E+00	3.20E+01
4.5600E-06	2.18E+00	3.23E+01
4.6000E-06	2.21E+00	3.25E+01
4.6300E-06	2.24E+00	3.27E+01
4.6600E-06	2.27E+00	3.30E+01
4.7000E-06	2.30E+00	3.32E+01
4.7300E-06	2.33E+00	3.34E+01
4.7700E-06	2.37E+00	3.37E+01
4.8000E-06	2.40E+00	3.39E+01
4.8400E-06	2.44E+00	3.42E+01
4.8700E-06	2.47E+00	3.44E+01
4.9100E-06	2.51E+00	3.47E+01
4.9500E-06	2.55E+00	3.49E+01
4.9900E-06	2.59E+00	3.52E+01
5.0200E-06	2.63E+00	3.55E+01
5.0600E-06	2.67E+00	3.57E+01
5.1000E-06	2.71E+00	3.60E+01
5.1400E-06	2.75E+00	3.63E+01
5.1800E-06	2.80E+00	3.66E+01
5.2300E-06	2.84E+00	3.69E+01
5.2700E-06	2.89E+00	3.72E+01
5.3100E-06	2.93E+00	3.75E+01
5.3600E-06	2.98E+00	3.78E+01
5.4000E-06	3.03E+00	3.81E+01
5.4500E-06	3.08E+00	3.84E+01
5.4900E-06	3.13E+00	3.87E+01
5.5400E-06	3.19E+00	3.91E+01
5.5900E-06	3.24E+00	3.94E+01
5.6400E-06	3.29E+00	3.97E+01
5.6800E-06	3.35E+00	4.01E+01
5.7400E-06	3.41E+00	4.04E+01
5.7900E-06	3.47E+00	4.08E+01
5.8400E-06	3.53E+00	4.11E+01
5.8900E-06	3.60E+00	4.15E+01
5.9500E-06	3.66E+00	4.19E+01
6.0000E-06	3.73E+00	4.22E+01
6.0600E-06	3.80E+00	4.26E+01
6.1100E-06	3.87E+00	4.30E+01
6.1700E-06	3.94E+00	4.34E+01
6.2300E-06	4.01E+00	4.38E+01
6.2900E-06	4.09E+00	4.42E+01
6.3500E-06	4.17E+00	4.47E+01
6.4200E-06	4.25E+00	4.51E+01
6.4800E-06	4.33E+00	4.55E+01
6.5500E-06	4.42E+00	4.60E+01
6.6100E-06	4.51E+00	4.64E+01
6.6800E-06	4.60E+00	4.69E+01
6.7500E-06	4.69E+00	4.74E+01
6.8200E-06	4.79E+00	4.79E+01
6.8900E-06	4.89E+00	4.84E+01
6.9700E-06	4.99E+00	4.89E+01
7.0400E-06	5.10E+00	4.94E+01
7.1200E-06	5.21E+00	4.99E+01
7.2000E-06	5.32E+00	5.04E+01
7.2800E-06	5.44E+00	5.10E+01
7.3600E-06	5.56E+00	5.16E+01
7.4500E-06	5.68E+00	5.21E+01
7.5400E-06	5.81E+00	5.27E+01
7.6200E-06	5.94E+00	5.33E+01
7.7200E-06	6.08E+00	5.39E+01
7.8100E-06	6.23E+00	5.45E+01
7.9000E-06	6.37E+00	5.52E+01
8.0000E-06	6.53E+00	5.58E+01
8.1000E-06	6.68E+00	5.65E+01
8.2000E-06	6.85E+00	5.72E+01
8.3100E-06	7.02E+00	5.79E+01
8.4200E-06	7.20E+00	5.86E+01
8.5300E-06	7.38E+00	5.94E+01
8.6400E-06	7.57E+00	6.01E+01
8.7600E-06	7.77E+00	6.09E+01
8.8800E-06	7.97E+00	6.17E+01
9.0000E-06	8.19E+00	6.25E+01
9.1300E-06	8.41E+00	6.33E+01
9.2600E-06	8.64E+00	6.42E+01
9.3900E-06	8.88E+00	6.51E+01
9.5300E-06	9.13E+00	6.60E+01
9.6700E-06	9.39E+00	6.69E+01
9.8200E-06	9.67E+00	6.79E+01
9.9700E-06	9.95E+00	6.89E+01
1.0100E-05	1.03E+01	6.99E+01
1.0300E-05	1.06E+01	7.09E+01
1.0500E-05	1.09E+01	7.20E+01
1.0600E-05	1.12E+01	7.31E+01
1.0800E-05	1.16E+01	7.42E+01
1.1000E-05	1.20E+01	7.54E+01
1.1200E-05	1.23E+01	7.66E+01
1.1400E-05	1.28E+01	7.78E+01
1.1600E-05	1.32E+01	7.91E+01
1.1800E-05	1.36E+01	8.04E+01
1.2000E-05	1.41E+01	8.18E+01
1.2200E-05	1.46E+01	8.32E+01
1.2500E-05	1.51E+01	8.47E+01
1.2700E-05	1.57E+01	8.62E+01
1.3000E-05	1.63E+01	8.77E+01
1.3200E-05	1.69E+01	8.94E+01
1.3500E-05	1.75E+01	9.10E+01
1.3800E-05	1.82E+01	9.28E+01
1.4100E-05	1.89E+01	9.46E+01
1.4400E-05	1.97E+01	9.64E+01
1.4700E-05	2.05E+01	9.84E+01
1.5100E-05	2.14E+01	1.00E+02
1.5400E-05	2.23E+01	1.03E+02
1.5800E-05	2.33E+01	1.05E+02
1.6200E-05	2.43E+01	1.07E+02
1.6600E-05	2.54E+01	1.09E+02
1.7100E-05	2.66E+01	1.12E+02
1.7500E-05	2.79E+01	1.14E+02
1.8000E-05	2.92E+01	1.17E+02
1.8500E-05	3.07E+01	1.20E+02
1.9100E-05	3.22E+01	1.23E+02
1.9600E-05	3.39E+01	1.26E+02
2.0300E-05	3.57E+01	1.29E+02
2.0900E-05	3.76E+01	1.32E+02
2.1600E-05	3.97E+01	1.36E+02
2.2400E-05	4.19E+01	1.39E+02
2.3100E-05	4.43E+01	1.43E+02
2.4000E-05	4.69E+01	1.47E+02
2.4900E-05	4.98E+01	1.51E+02
