1.758600000E-08	8.573000000E-01	9.510000000E-02
1.771200000E-08	8.561000000E-01	9.930000000E-02
1.783900000E-08	8.549000000E-01	1.041000000E-01
1.796900000E-08	8.543000000E-01	1.089000000E-01
1.810000000E-08	8.538000000E-01	1.142000000E-01
1.823300000E-08	8.534000000E-01	1.195000000E-01
1.836800000E-08	8.536000000E-01	1.248000000E-01
1.850500000E-08	8.544000000E-01	1.305000000E-01
1.864400000E-08	8.547000000E-01	1.363000000E-01
1.878500000E-08	8.562000000E-01	1.419000000E-01
1.892900000E-08	8.579000000E-01	1.480000000E-01
1.907400000E-08	8.600000000E-01	1.535000000E-01
1.922200000E-08	8.628000000E-01	1.594000000E-01
1.937300000E-08	8.656000000E-01	1.652000000E-01
1.952500000E-08	8.695000000E-01	1.702000000E-01
1.968000000E-08	8.733000000E-01	1.752000000E-01
1.983700000E-08	8.777000000E-01	1.800000000E-01
1.999700000E-08	8.826000000E-01	1.841000000E-01
2.016000000E-08	8.873000000E-01	1.877000000E-01
2.032500000E-08	8.925000000E-01	1.910000000E-01
2.049300000E-08	8.981000000E-01	1.937000000E-01
2.066400000E-08	9.035000000E-01	1.959000000E-01
2.083800000E-08	9.087000000E-01	1.970000000E-01
2.101400000E-08	9.144000000E-01	1.979000000E-01
2.119400000E-08	9.193000000E-01	1.980000000E-01
2.137700000E-08	9.236000000E-01	1.976000000E-01
2.156200000E-08	9.284000000E-01	1.971000000E-01
2.175200000E-08	9.319000000E-01	1.958000000E-01
2.194400000E-08	9.353000000E-01	1.946000000E-01
2.214000000E-08	9.377000000E-01	1.930000000E-01
2.233900000E-08	9.399000000E-01	1.910000000E-01
2.254300000E-08	9.412000000E-01	1.891000000E-01
2.274900000E-08	9.420000000E-01	1.879000000E-01
2.296000000E-08	9.423000000E-01	1.868000000E-01
2.317500000E-08	9.421000000E-01	1.858000000E-01
2.339300000E-08	9.409000000E-01	1.849000000E-01
2.361600000E-08	9.398000000E-01	1.851000000E-01
2.384300000E-08	9.379000000E-01	1.861000000E-01
2.407500000E-08	9.360000000E-01	1.875000000E-01
2.431100000E-08	9.344000000E-01	1.900000000E-01
2.455100000E-08	9.329000000E-01	1.930000000E-01
2.479700000E-08	9.312000000E-01	1.976000000E-01
2.504700000E-08	9.306000000E-01	2.026000000E-01
2.530300000E-08	9.303000000E-01	2.085000000E-01
2.556400000E-08	9.318000000E-01	2.152000000E-01
2.583000000E-08	9.346000000E-01	2.225000000E-01
2.610200000E-08	9.395000000E-01	2.294000000E-01
2.638000000E-08	9.458000000E-01	2.358000000E-01
2.666300000E-08	9.534000000E-01	2.407000000E-01
2.695300000E-08	9.626000000E-01	2.441000000E-01
2.724900000E-08	9.727000000E-01	2.452000000E-01
2.755200000E-08	9.821000000E-01	2.439000000E-01
2.786200000E-08	9.903000000E-01	2.403000000E-01
2.817800000E-08	9.971000000E-01	2.352000000E-01
2.850200000E-08	1.001700000E+00	2.291000000E-01
2.883400000E-08	1.004400000E+00	2.230000000E-01
2.917300000E-08	1.005000000E+00	2.169000000E-01
2.952000000E-08	1.004000000E+00	2.122000000E-01
2.987600000E-08	1.001800000E+00	2.086000000E-01
3.024000000E-08	9.989000000E-01	2.067000000E-01
3.061300000E-08	9.957000000E-01	2.059000000E-01
3.099600000E-08	9.924000000E-01	2.071000000E-01
3.138800000E-08	9.903000000E-01	2.090000000E-01
3.179100000E-08	9.890000000E-01	2.123000000E-01
3.220400000E-08	9.889000000E-01	2.164000000E-01
3.262700000E-08	9.903000000E-01	2.206000000E-01
3.306200000E-08	9.933000000E-01	2.250000000E-01
3.350900000E-08	9.980000000E-01	2.280000000E-01
3.396800000E-08	1.003900000E+00	2.296000000E-01
3.444000000E-08	1.010300000E+00	2.296000000E-01
3.492500000E-08	1.016700000E+00	2.272000000E-01
3.542400000E-08	1.022600000E+00	2.230000000E-01
3.593700000E-08	1.027100000E+00	2.166000000E-01
3.646600000E-08	1.029500000E+00	2.093000000E-01
3.701000000E-08	1.030200000E+00	2.009000000E-01
3.757100000E-08	1.028500000E+00	1.920000000E-01
3.814900000E-08	1.024500000E+00	1.835000000E-01
3.874500000E-08	1.018200000E+00	1.753000000E-01
3.936000000E-08	1.010100000E+00	1.683000000E-01
3.999500000E-08	1.000200000E+00	1.625000000E-01
4.065100000E-08	9.885000000E-01	1.583000000E-01
4.132800000E-08	9.748000000E-01	1.559000000E-01
4.202900000E-08	9.602000000E-01	1.552000000E-01
4.275300000E-08	9.443000000E-01	1.573000000E-01
4.350300000E-08	9.269000000E-01	1.618000000E-01
4.428000000E-08	9.093000000E-01	1.699000000E-01
4.508500000E-08	8.906000000E-01	1.819000000E-01
4.592000000E-08	8.739000000E-01	1.991000000E-01
4.678600000E-08	8.592000000E-01	2.217000000E-01
4.768600000E-08	8.509000000E-01	2.491000000E-01
4.862100000E-08	8.515000000E-01	2.777000000E-01
4.959400000E-08	8.616000000E-01	3.023000000E-01
5.060600000E-08	8.772000000E-01	3.169000000E-01
5.166000000E-08	8.897000000E-01	3.187000000E-01
5.275900000E-08	8.901000000E-01	3.118000000E-01
5.390600000E-08	8.736000000E-01	3.068000000E-01
5.510400000E-08	8.411000000E-01	3.139000000E-01
5.635600000E-08	7.986000000E-01	3.431000000E-01
5.766700000E-08	7.552000000E-01	4.078000000E-01
5.904000000E-08	7.384000000E-01	5.180000000E-01
6.048000000E-08	7.928000000E-01	6.622000000E-01
6.199200000E-08	9.590000000E-01	7.763000000E-01
6.358200000E-08	1.194400000E+00	7.460000000E-01
6.525500000E-08	1.329600000E+00	5.656000000E-01
6.701800000E-08	1.322300000E+00	3.929000000E-01
6.888000000E-08	1.258700000E+00	2.852000000E-01
7.084800000E-08	1.186400000E+00	2.250000000E-01
7.293200000E-08	1.117000000E+00	1.916000000E-01
7.514200000E-08	1.051500000E+00	1.750000000E-01
7.749000000E-08	9.877000000E-01	1.691000000E-01
7.999000000E-08	9.243000000E-01	1.715000000E-01
8.265600000E-08	8.587000000E-01	1.828000000E-01
8.550600000E-08	7.903000000E-01	2.037000000E-01
8.856000000E-08	7.167000000E-01	2.379000000E-01
9.184000000E-08	6.396000000E-01	2.900000000E-01
9.537200000E-08	5.654000000E-01	3.670000000E-01
9.918700000E-08	5.066000000E-01	4.698000000E-01
1.033200000E-07	4.736000000E-01	5.902000000E-01
1.078120000E-07	4.694000000E-01	7.158000000E-01
1.127130000E-07	4.910000000E-01	8.391000000E-01
1.180800000E-07	5.367000000E-01	9.540000000E-01
1.239840000E-07	6.066000000E-01	1.052600000E+00
1.305100000E-07	6.952000000E-01	1.123500000E+00
1.377600000E-07	7.877000000E-01	1.150800000E+00
1.458640000E-07	8.540000000E-01	1.130600000E+00
1.549800000E-07	8.577000000E-01	1.082000000E+00
1.653120000E-07	7.807000000E-01	1.051000000E+00
1.771200000E-07	6.389000000E-01	1.088600000E+00
1.907450000E-07	4.807000000E-01	1.226400000E+00
2.066400000E-07	3.568000000E-01	1.448900000E+00
2.254260000E-07	2.786000000E-01	1.725000000E+00
2.479680000E-07	2.366000000E-01	2.041800000E+00
2.610190000E-07	2.257000000E-01	2.217200000E+00
2.755200000E-07	2.209000000E-01	2.406400000E+00
2.917280000E-07	2.217000000E-01	2.612100000E+00
3.099600000E-07	2.278000000E-01	2.837800000E+00
3.306250000E-07	2.403000000E-01	3.088200000E+00
3.542410000E-07	2.596000000E-01	3.369200000E+00
3.814900000E-07	2.880000000E-01	3.688600000E+00
4.132810000E-07	3.288000000E-01	4.057700000E+00
4.508520000E-07	3.888000000E-01	4.491900000E+00
4.959370000E-07	4.844000000E-01	5.013900000E+00
5.510410000E-07	6.652000000E-01	5.648300000E+00
6.199210000E-07	1.045900000E+00	6.283100000E+00
7.084810000E-07	1.134800000E+00	6.781900000E+00
8.265610000E-07	1.160400000E+00	7.957000000E+00
9.918740000E-07	1.502800000E+00	9.611800000E+00
1.239842000E-06	2.213300000E+00	1.194410000E+01
1.653123000E-06	3.671600000E+00	1.551710000E+01
2.479684000E-06	7.151600000E+00	2.159670000E+01
