0.000002	3.469867218	4.26E-08
0.00000201	3.469867186	4.33E-08
0.00000202	3.469867154	4.39E-08
0.00000203	3.469867122	4.46E-08
0.00000204	3.46986709	4.53E-08
0.00000205	3.469867057	0.000000046
0.00000206	3.469867025	4.67E-08
0.00000207	3.469866992	4.74E-08
0.00000208	3.469866959	4.81E-08
0.00000209	3.469866926	4.88E-08
0.0000021	3.469866893	4.95E-08
0.00000211	3.46986686	5.03E-08
0.00000212	3.469866826	0.000000051
0.00000213	3.469866792	5.18E-08
0.00000214	3.469866758	5.25E-08
0.00000215	3.469866724	5.33E-08
0.00000216	3.46986669	5.41E-08
0.00000217	3.469866655	5.48E-08
0.00000218	3.469866621	5.56E-08
0.00000219	3.469866586	5.64E-08
0.0000022	3.469866551	5.72E-08
0.00000221	3.469866516	0.000000058
0.00000222	3.46986648	5.88E-08
0.00000223	3.469866445	5.97E-08
0.00000224	3.469866409	6.05E-08
0.00000225	3.469866373	6.14E-08
0.00000226	3.469866337	6.22E-08
0.00000227	3.469866301	6.31E-08
0.00000228	3.469866265	6.39E-08
0.00000229	3.469866228	6.48E-08
0.0000023	3.469866191	6.57E-08
0.00000231	3.469866154	6.66E-08
0.00000232	3.469866117	6.75E-08
0.00000233	3.46986608	6.84E-08
0.00000234	3.469866042	6.93E-08
0.00000235	3.469866005	7.02E-08
0.00000236	3.469865967	7.12E-08
0.00000237	3.469865929	7.21E-08
0.00000238	3.469865891	7.31E-08
0.00000239	3.469865852	0.000000074
0.0000024	3.469865814	0.000000075
0.00000241	3.469865775	0.000000076
0.00000242	3.469865736	0.000000077
0.00000243	3.469865697	0.000000078
0.00000244	3.469865658	0.000000079
0.00000245	3.469865618	0.00000008
0.00000246	3.469865579	0.000000081
0.00000247	3.469865539	0.000000082
0.00000248	3.469865499	8.31E-08
0.00000249	3.469865458	8.41E-08
0.0000025	3.469865418	8.52E-08
0.00000251	3.469865378	8.63E-08
0.00000252	3.469865337	8.74E-08
0.00000253	3.469865296	8.84E-08
0.00000254	3.469865255	8.95E-08
0.00000255	3.469865213	9.07E-08
0.00000256	3.469865172	9.18E-08
0.00000257	3.46986513	9.29E-08
0.00000258	3.469865088	0.000000094
0.00000259	3.469865046	9.52E-08
0.0000026	3.469865004	9.64E-08
0.00000261	3.469864962	9.75E-08
0.00000262	3.469864919	9.87E-08
0.00000263	3.469864876	9.99E-08
0.00000264	3.469864833	1.011E-07
0.00000265	3.46986479	1.023E-07
0.00000266	3.469864747	1.035E-07
0.00000267	3.469864703	1.048E-07
0.00000268	3.46986466	0.000000106
0.00000269	3.469864616	1.072E-07
0.0000027	3.469864572	1.085E-07
0.00000271	3.469864527	1.098E-07
0.00000272	3.469864483	1.111E-07
0.00000273	3.469864438	1.124E-07
0.00000274	3.469864393	1.137E-07
0.00000275	3.469864348	0.000000115
0.00000276	3.469864303	1.163E-07
0.00000277	3.469864258	1.176E-07
0.00000278	3.469864212	0.000000119
0.00000279	3.469864166	1.204E-07
0.0000028	3.46986412	1.217E-07
0.00000281	3.469864074	1.231E-07
0.00000282	3.469864028	1.245E-07
0.00000283	3.469863981	1.259E-07
0.00000284	3.469863934	1.273E-07
0.00000285	3.469863887	1.287E-07
0.00000286	3.46986384	1.302E-07
0.00000287	3.469863793	1.316E-07
0.00000288	3.469863745	1.331E-07
0.00000289	3.469863697	1.346E-07
0.0000029	3.469863649	1.361E-07
0.00000291	3.469863601	1.376E-07
0.00000292	3.469863553	1.391E-07
0.00000293	3.469863504	1.406E-07
0.00000294	3.469863456	1.421E-07
0.00000295	3.469863407	1.437E-07
0.00000296	3.469863357	1.452E-07
0.00000297	3.469863308	1.468E-07
0.00000298	3.469863259	1.484E-07
0.00000299	3.469863209	0.00000015
0.000003	3.469863159	1.516E-07
0.00000301	3.469863109	1.532E-07
0.00000302	3.469863058	1.548E-07
0.00000303	3.469863008	1.565E-07
0.00000304	3.469862957	1.581E-07
0.00000305	3.469862906	1.598E-07
0.00000306	3.469862855	1.615E-07
0.00000307	3.469862804	1.632E-07
0.00000308	3.469862752	1.649E-07
0.00000309	3.4698627	1.666E-07
0.0000031	3.469862649	1.683E-07
0.00000311	3.469862596	1.701E-07
0.00000312	3.469862544	1.719E-07
0.00000313	3.469862491	1.736E-07
0.00000314	3.469862439	1.754E-07
0.00000315	3.469862386	1.772E-07
0.00000316	3.469862333	0.000000179
0.00000317	3.469862279	1.809E-07
0.00000318	3.469862226	1.827E-07
0.00000319	3.469862172	1.846E-07
0.0000032	3.469862118	1.864E-07
0.00000321	3.469862064	1.883E-07
0.00000322	3.469862009	1.902E-07
0.00000323	3.469861954	1.921E-07
0.00000324	3.4698619	1.941E-07
0.00000325	3.469861845	0.000000196
0.00000326	3.469861789	0.000000198
0.00000327	3.469861734	1.999E-07
0.00000328	3.469861678	2.019E-07
0.00000329	3.469861622	2.039E-07
0.0000033	3.469861566	2.059E-07
0.00000331	3.46986151	2.079E-07
0.00000332	3.469861453	0.00000021
0.00000333	3.469861397	0.000000212
0.00000334	3.46986134	2.141E-07
0.00000335	3.469861283	2.162E-07
0.00000336	3.469861225	2.183E-07
0.00000337	3.469861168	2.204E-07
0.00000338	3.46986111	2.226E-07
0.00000339	3.469861052	2.247E-07
0.0000034	3.469860993	2.269E-07
0.00000341	3.469860935	0.000000229
0.00000342	3.469860876	2.312E-07
0.00000343	3.469860817	2.334E-07
0.00000344	3.469860758	2.357E-07
0.00000345	3.469860699	2.379E-07
0.00000346	3.469860639	2.402E-07
0.00000347	3.46986058	2.424E-07
0.00000348	3.46986052	2.447E-07
0.00000349	3.46986046	0.000000247
0.0000035	3.469860399	2.494E-07
0.00000351	3.469860338	2.517E-07
0.00000352	3.469860278	2.541E-07
0.00000353	3.469860216	2.564E-07
0.00000354	3.469860155	2.588E-07
0.00000355	3.469860094	2.612E-07
0.00000356	3.469860032	2.636E-07
0.00000357	3.46985997	2.661E-07
0.00000358	3.469859908	2.685E-07
0.00000359	3.469859845	0.000000271
0.0000036	3.469859783	2.735E-07
0.00000361	3.46985972	0.000000276
0.00000362	3.469859657	2.785E-07
0.00000363	3.469859593	2.811E-07
0.00000364	3.46985953	2.836E-07
0.00000365	3.469859466	2.862E-07
0.00000366	3.469859402	2.888E-07
0.00000367	3.469859338	2.914E-07
0.00000368	3.469859273	2.941E-07
0.00000369	3.469859208	2.967E-07
0.0000037	3.469859143	2.994E-07
0.00000371	3.469859078	3.021E-07
0.00000372	3.469859013	3.048E-07
0.00000373	3.469858947	3.075E-07
0.00000374	3.469858881	3.102E-07
0.00000375	3.469858815	0.000000313
0.00000376	3.469858749	3.158E-07
0.00000377	3.469858682	3.186E-07
0.00000378	3.469858615	3.214E-07
0.00000379	3.469858548	3.242E-07
0.0000038	3.469858481	3.271E-07
0.00000381	3.469858414	3.299E-07
0.00000382	3.469858346	3.328E-07
0.00000383	3.469858278	3.357E-07
0.00000384	3.46985821	3.387E-07
0.00000385	3.469858141	3.416E-07
0.00000386	3.469858072	3.446E-07
0.00000387	3.469858003	3.476E-07
0.00000388	3.469857934	3.506E-07
0.00000389	3.469857865	3.536E-07
0.0000039	3.469857795	3.567E-07
0.00000391	3.469857725	3.597E-07
0.00000392	3.469857655	3.628E-07
0.00000393	3.469857585	3.659E-07
0.00000394	3.469857514	3.691E-07
0.00000395	3.469857443	3.722E-07
0.00000396	3.469857372	3.754E-07
0.00000397	3.4698573	3.786E-07
0.00000398	3.469857229	3.818E-07
0.00000399	3.469857157	3.851E-07
0.000004	3.469857085	3.883E-07
0.00000401	3.469857012	3.916E-07
0.00000402	3.46985694	3.949E-07
0.00000403	3.469856867	3.982E-07
0.00000404	3.469856794	4.016E-07
0.00000405	3.46985672	4.049E-07
0.00000406	3.469856647	4.083E-07
0.00000407	3.469856573	4.117E-07
0.00000408	3.469856498	4.152E-07
0.00000409	3.469856424	4.186E-07
0.0000041	3.469856349	4.221E-07
0.00000411	3.469856274	4.256E-07
0.00000412	3.469856199	4.291E-07
0.00000413	3.469856124	4.327E-07
0.00000414	3.469856048	4.362E-07
0.00000415	3.469855972	4.398E-07
0.00000416	3.469855896	4.434E-07
0.00000417	3.469855819	4.471E-07
0.00000418	3.469855743	4.508E-07
0.00000419	3.469855666	4.544E-07
0.0000042	3.469855588	4.582E-07
0.00000421	3.469855511	4.619E-07
0.00000422	3.469855433	4.656E-07
0.00000423	3.469855355	4.694E-07
0.00000424	3.469855277	4.732E-07
0.00000425	3.469855198	4.771E-07
0.00000426	3.469855119	4.809E-07
0.00000427	3.46985504	4.848E-07
0.00000428	3.469854961	4.887E-07
0.00000429	3.469854881	4.926E-07
0.0000043	3.469854801	4.966E-07
0.00000431	3.469854721	5.006E-07
0.00000432	3.46985464	5.046E-07
0.00000433	3.46985456	5.086E-07
0.00000434	3.469854479	5.127E-07
0.00000435	3.469854397	5.168E-07
0.00000436	3.469854316	5.209E-07
0.00000437	3.469854234	0.000000525
0.00000438	3.469854152	5.292E-07
0.00000439	3.469854069	5.334E-07
0.0000044	3.469853987	5.376E-07
0.00000441	3.469853904	5.418E-07
0.00000442	3.469853821	5.461E-07
0.00000443	3.469853737	5.504E-07
0.00000444	3.469853653	5.547E-07
0.00000445	3.469853569	5.591E-07
0.00000446	3.469853485	5.635E-07
0.00000447	3.4698534	5.679E-07
0.00000448	3.469853315	5.723E-07
0.00000449	3.46985323	5.768E-07
0.0000045	3.469853145	5.812E-07
0.00000451	3.469853059	5.858E-07
0.00000452	3.469852973	5.903E-07
0.00000453	3.469852886	5.949E-07
0.00000454	3.4698528	5.995E-07
0.00000455	3.469852713	6.041E-07
0.00000456	3.469852625	6.088E-07
0.00000457	3.469852538	6.135E-07
0.00000458	3.46985245	6.182E-07
0.00000459	3.469852362	0.000000623
0.0000046	3.469852274	6.277E-07
0.00000461	3.469852185	6.326E-07
0.00000462	3.469852096	6.374E-07
0.00000463	3.469852007	6.423E-07
0.00000464	3.469851917	6.472E-07
0.00000465	3.469851827	6.521E-07
0.00000466	3.469851737	6.571E-07
0.00000467	3.469851646	6.621E-07
0.00000468	3.469851556	6.671E-07
0.00000469	3.469851464	6.722E-07
0.0000047	3.469851373	6.773E-07
0.00000471	3.469851281	6.824E-07
0.00000472	3.469851189	6.875E-07
0.00000473	3.469851097	6.927E-07
0.00000474	3.469851004	6.979E-07
0.00000475	3.469850911	7.032E-07
0.00000476	3.469850818	7.085E-07
0.00000477	3.469850724	7.138E-07
0.00000478	3.469850631	7.191E-07
0.00000479	3.469850536	7.245E-07
0.0000048	3.469850442	7.299E-07
0.00000481	3.469850347	7.354E-07
0.00000482	3.469850252	7.409E-07
0.00000483	3.469850156	7.464E-07
0.00000484	3.469850061	0.000000752
0.00000485	3.469849964	7.576E-07
0.00000486	3.469849868	7.632E-07
0.00000487	3.469849771	7.688E-07
0.00000488	3.469849674	7.745E-07
0.00000489	3.469849577	7.803E-07
0.0000049	3.469849479	0.000000786
0.00000491	3.469849381	7.918E-07
0.00000492	3.469849283	7.977E-07
0.00000493	3.469849184	8.035E-07
0.00000494	3.469849085	8.094E-07
0.00000495	3.469848986	8.154E-07
0.00000496	3.469848886	8.214E-07
0.00000497	3.469848786	8.274E-07
0.00000498	3.469848685	8.335E-07
0.00000499	3.469848585	8.396E-07
0.000005	3.469848484	8.457E-07
0.00000501	3.469848382	8.519E-07
0.00000502	3.469848281	8.581E-07
0.00000503	3.469848178	8.643E-07
0.00000504	3.469848076	8.706E-07
0.00000505	3.469847973	8.769E-07
0.00000506	3.46984787	8.833E-07
0.00000507	3.469847767	8.897E-07
0.00000508	3.469847663	8.962E-07
0.00000509	3.469847559	9.026E-07
0.0000051	3.469847454	9.092E-07
0.00000511	3.469847349	9.157E-07
0.00000512	3.469847244	9.223E-07
0.00000513	3.469847139	0.000000929
0.00000514	3.469847033	9.357E-07
0.00000515	3.469846927	9.424E-07
0.00000516	3.46984682	9.492E-07
0.00000517	3.469846713	0.000000956
0.00000518	3.469846606	9.629E-07
0.00000519	3.469846498	9.698E-07
0.0000052	3.46984639	9.767E-07
0.00000521	3.469846282	9.837E-07
0.00000522	3.469846173	9.907E-07
0.00000523	3.469846064	9.978E-07
0.00000524	3.469845954	1.0049E-06
0.00000525	3.469845844	1.0121E-06
0.00000526	3.469845734	1.0193E-06
0.00000527	3.469845623	1.0265E-06
0.00000528	3.469845512	1.0338E-06
0.00000529	3.469845401	1.0412E-06
0.0000053	3.469845289	1.0486E-06
0.00000531	3.469845177	0.000001056
0.00000532	3.469845064	1.0635E-06
0.00000533	3.469844952	0.000001071
0.00000534	3.469844838	1.0786E-06
0.00000535	3.469844725	1.0862E-06
0.00000536	3.469844611	1.0939E-06
0.00000537	3.469844496	1.1016E-06
0.00000538	3.469844381	1.1093E-06
0.00000539	3.469844266	1.1172E-06
0.0000054	3.46984415	0.000001125
0.00000541	3.469844034	1.1329E-06
0.00000542	3.469843918	1.1409E-06
0.00000543	3.469843801	1.1489E-06
0.00000544	3.469843684	0.000001157
0.00000545	3.469843566	1.1651E-06
0.00000546	3.469843448	1.1732E-06
0.00000547	3.46984333	1.1815E-06
0.00000548	3.469843211	1.1897E-06
0.00000549	3.469843092	0.000001198
0.0000055	3.469842972	1.2064E-06
0.00000551	3.469842852	1.2148E-06
0.00000552	3.469842732	1.2233E-06
0.00000553	3.469842611	1.2318E-06
0.00000554	3.46984249	1.2404E-06
0.00000555	3.469842368	1.2491E-06
0.00000556	3.469842246	1.2577E-06
0.00000557	3.469842123	1.2665E-06
0.00000558	3.469842	1.2753E-06
0.00000559	3.469841877	1.2841E-06
0.0000056	3.469841753	1.2931E-06
0.00000561	3.469841629	0.000001302
0.00000562	3.469841504	0.000001311
0.00000563	3.469841379	1.3201E-06
0.00000564	3.469841254	1.3293E-06
0.00000565	3.469841128	1.3385E-06
0.00000566	3.469841001	1.3477E-06
0.00000567	3.469840874	0.000001357
0.00000568	3.469840747	1.3664E-06
0.00000569	3.469840619	1.3758E-06
0.0000057	3.469840491	1.3853E-06
0.00000571	3.469840362	1.3949E-06
0.00000572	3.469840233	1.4045E-06
0.00000573	3.469840104	1.4142E-06
0.00000574	3.469839974	1.4239E-06
0.00000575	3.469839843	1.4337E-06
0.00000576	3.469839712	1.4436E-06
0.00000577	3.469839581	1.4535E-06
0.00000578	3.469839449	1.4635E-06
0.00000579	3.469839317	1.4735E-06
0.0000058	3.469839184	1.4836E-06
0.00000581	3.469839051	1.4938E-06
0.00000582	3.469838917	1.5041E-06
0.00000583	3.469838783	1.5144E-06
0.00000584	3.469838648	1.5247E-06
0.00000585	3.469838513	1.5352E-06
0.00000586	3.469838378	1.5457E-06
0.00000587	3.469838242	1.5563E-06
0.00000588	3.469838105	1.5669E-06
0.00000589	3.469837968	1.5776E-06
0.0000059	3.46983783	1.5884E-06
0.00000591	3.469837692	1.5993E-06
0.00000592	3.469837554	1.6102E-06
0.00000593	3.469837415	1.6212E-06
0.00000594	3.469837275	1.6323E-06
0.00000595	3.469837135	1.6434E-06
0.00000596	3.469836995	1.6546E-06
0.00000597	3.469836854	1.6659E-06
0.00000598	3.469836712	1.6773E-06
0.00000599	3.46983657	1.6887E-06
0.000006	3.469836427	1.7002E-06
0.00000601	3.469836284	1.7118E-06
0.00000602	3.469836141	1.7234E-06
0.00000603	3.469835996	1.7352E-06
0.00000604	3.469835852	0.000001747
0.00000605	3.469835706	1.7589E-06
0.00000606	3.469835561	1.7708E-06
0.00000607	3.469835414	1.7829E-06
0.00000608	3.469835268	0.000001795
0.00000609	3.46983512	1.8072E-06
0.0000061	3.469834972	1.8195E-06
0.00000611	3.469834824	1.8318E-06
0.00000612	3.469834675	1.8443E-06
0.00000613	3.469834525	1.8568E-06
0.00000614	3.469834375	1.8694E-06
0.00000615	3.469834225	1.8821E-06
0.00000616	3.469834073	1.8949E-06
0.00000617	3.469833922	1.9078E-06
0.00000618	3.469833769	1.9207E-06
0.00000619	3.469833616	1.9338E-06
0.0000062	3.469833463	1.9469E-06
0.00000621	3.469833309	1.9601E-06
0.00000622	3.469833154	1.9734E-06
0.00000623	3.469832999	1.9868E-06
0.00000624	3.469832843	2.0003E-06
0.00000625	3.469832687	2.0138E-06
0.00000626	3.46983253	2.0275E-06
0.00000627	3.469832372	2.0413E-06
0.00000628	3.469832214	2.0551E-06
0.00000629	3.469832055	2.0691E-06
0.0000063	3.469831896	2.0831E-06
0.00000631	3.469831736	2.0972E-06
0.00000632	3.469831575	2.1115E-06
0.00000633	3.469831414	2.1258E-06
0.00000634	3.469831252	2.1402E-06
0.00000635	3.46983109	2.1547E-06
0.00000636	3.469830926	2.1694E-06
0.00000637	3.469830763	2.1841E-06
0.00000638	3.469830598	2.1989E-06
0.00000639	3.469830433	2.2138E-06
0.0000064	3.469830268	2.2289E-06
0.00000641	3.469830101	0.000002244
0.00000642	3.469829934	2.2592E-06
0.00000643	3.469829767	2.2746E-06
0.00000644	3.469829598	0.00000229
0.00000645	3.46982943	2.3056E-06
0.00000646	3.46982926	2.3213E-06
0.00000647	3.46982909	0.000002337
0.00000648	3.469828919	2.3529E-06
0.00000649	3.469828747	2.3689E-06
0.0000065	3.469828575	0.000002385
0.00000651	3.469828402	2.4013E-06
0.00000652	3.469828228	2.4176E-06
0.00000653	3.469828054	2.4341E-06
0.00000654	3.469827878	2.4506E-06
0.00000655	3.469827703	2.4673E-06
0.00000656	3.469827526	2.4841E-06
0.00000657	3.469827349	2.5011E-06
0.00000658	3.469827171	2.5181E-06
0.00000659	3.469826992	2.5353E-06
0.0000066	3.469826813	2.5526E-06
0.00000661	3.469826633	0.00000257
0.00000662	3.469826452	2.5876E-06
0.00000663	3.46982627	2.6052E-06
0.00000664	3.469826088	0.000002623
0.00000665	3.469825904	0.000002641
0.00000666	3.469825721	0.000002659
0.00000667	3.469825536	2.6772E-06
0.00000668	3.46982535	2.6956E-06
0.00000669	3.469825164	0.000002714
0.0000067	3.469824977	2.7326E-06
0.00000671	3.469824789	2.7514E-06
0.00000672	3.469824601	2.7702E-06
0.00000673	3.469824411	2.7893E-06
0.00000674	3.469824221	2.8084E-06
0.00000675	3.46982403	2.8277E-06
0.00000676	3.469823838	2.8472E-06
0.00000677	3.469823645	2.8667E-06
0.00000678	3.469823452	2.8865E-06
0.00000679	3.469823257	2.9064E-06
0.0000068	3.469823062	2.9264E-06
0.00000681	3.469822866	2.9466E-06
0.00000682	3.469822669	2.9669E-06
0.00000683	3.469822471	2.9874E-06
0.00000684	3.469822273	3.0081E-06
0.00000685	3.469822073	3.0289E-06
0.00000686	3.469821873	3.0499E-06
0.00000687	3.469821671	0.000003071
0.00000688	3.469821469	3.0923E-06
0.00000689	3.469821266	3.1138E-06
0.0000069	3.469821062	3.1354E-06
0.00000691	3.469820857	3.1572E-06
0.00000692	3.469820651	3.1791E-06
0.00000693	3.469820444	3.2013E-06
0.00000694	3.469820237	3.2236E-06
0.00000695	3.469820028	3.2461E-06
0.00000696	3.469819818	3.2688E-06
0.00000697	3.469819608	3.2916E-06
0.00000698	3.469819396	3.3146E-06
0.00000699	3.469819183	3.3379E-06
0.000007	3.46981897	3.3613E-06
0.00000701	3.469818755	3.3849E-06
0.00000702	3.469818539	3.4086E-06
0.00000703	3.469818323	3.4326E-06
0.00000704	3.469818105	3.4568E-06
0.00000705	3.469817886	3.4812E-06
0.00000706	3.469817667	3.5057E-06
0.00000707	3.469817446	3.5305E-06
0.00000708	3.469817224	3.5555E-06
0.00000709	3.469817001	3.5807E-06
0.0000071	3.469816777	3.6061E-06
0.00000711	3.469816552	3.6317E-06
0.00000712	3.469816326	3.6575E-06
0.00000713	3.469816098	3.6835E-06
0.00000714	3.46981587	3.7098E-06
0.00000715	3.46981564	3.7363E-06
0.00000716	3.469815409	0.000003763
0.00000717	3.469815177	3.7899E-06
0.00000718	3.469814944	3.8171E-06
0.00000719	3.46981471	3.8445E-06
0.0000072	3.469814474	3.8722E-06
0.00000721	3.469814238	3.9001E-06
0.00000722	3.469814	3.9282E-06
0.00000723	3.46981376	3.9566E-06
0.00000724	3.46981352	3.9852E-06
0.00000725	3.469813278	4.0141E-06
0.00000726	3.469813035	4.0432E-06
0.00000727	3.469812791	4.0726E-06
0.00000728	3.469812545	4.1023E-06
0.00000729	3.469812299	4.1323E-06
0.0000073	3.46981205	4.1625E-06
0.00000731	3.469811801	0.000004193
0.00000732	3.46981155	4.2237E-06
0.00000733	3.469811298	4.2548E-06
0.00000734	3.469811044	4.2862E-06
0.00000735	3.469810789	4.3178E-06
0.00000736	3.469810532	4.3497E-06
0.00000737	3.469810275	0.000004382
0.00000738	3.469810015	4.4145E-06
0.00000739	3.469809754	4.4474E-06
0.0000074	3.469809492	4.4806E-06
0.00000741	3.469809228	4.5141E-06
0.00000742	3.469808963	4.5479E-06
0.00000743	3.469808696	0.000004582
0.00000744	3.469808427	4.6165E-06
0.00000745	3.469808157	4.6513E-06
0.00000746	3.469807886	4.6865E-06
0.00000747	3.469807612	4.7221E-06
0.00000748	3.469807337	4.7579E-06
0.00000749	3.469807061	4.7942E-06
0.0000075	3.469806783	4.8308E-06
0.00000751	3.469806503	4.8678E-06
0.00000752	3.469806221	4.9052E-06
0.00000753	3.469805937	0.000004943
0.00000754	3.469805652	4.9812E-06
0.00000755	3.469805365	5.0197E-06
0.00000756	3.469805076	5.0587E-06
0.00000757	3.469804786	5.0981E-06
0.00000758	3.469804493	5.1379E-06
0.00000759	3.469804199	5.1782E-06
0.0000076	3.469803902	5.2189E-06
0.00000761	3.469803604	5.2601E-06
0.00000762	3.469803304	5.3017E-06
0.00000763	3.469803001	5.3438E-06
0.00000764	3.469802697	5.3863E-06
0.00000765	3.46980239	5.4294E-06
0.00000766	3.469802082	5.4729E-06
0.00000767	3.469801771	5.5169E-06
0.00000768	3.469801458	5.5615E-06
0.00000769	3.469801143	5.6066E-06
0.0000077	3.469800826	5.6522E-06
0.00000771	3.469800506	5.6983E-06
0.00000772	3.469800184	5.7451E-06
0.00000773	3.46979986	5.7924E-06
0.00000774	3.469799533	5.8402E-06
0.00000775	3.469799204	5.8887E-06
0.00000776	3.469798873	5.9378E-06
0.00000777	3.469798539	5.9875E-06
0.00000778	3.469798202	6.0378E-06
0.00000779	3.469797863	6.0888E-06
0.0000078	3.469797521	6.1405E-06
0.00000781	3.469797177	6.1928E-06
0.00000782	3.469796829	6.2458E-06
0.00000783	3.469796479	6.2996E-06
0.00000784	3.469796126	0.000006354
0.00000785	3.469795771	6.4093E-06
0.00000786	3.469795412	6.4652E-06
0.00000787	3.46979505	0.000006522
0.00000788	3.469794685	6.5796E-06
0.00000789	3.469794318	0.000006638
0.0000079	3.469793946	6.6973E-06
0.00000791	3.469793572	6.7574E-06
0.00000792	3.469793195	6.8184E-06
0.00000793	3.469792814	6.8804E-06
0.00000794	3.469792429	6.9433E-06
0.00000795	3.469792041	7.0071E-06
0.00000796	3.46979165	0.000007072
0.00000797	3.469791254	7.1379E-06
0.00000798	3.469790855	7.2048E-06
0.00000799	3.469790453	7.2729E-06
0.000008	3.469790046	0.000007342
0.00000801	3.469789635	7.4123E-06
0.00000802	3.46978922	7.4838E-06
0.00000803	3.469788802	7.5566E-06
0.00000804	3.469788378	7.6306E-06
0.00000805	3.469787951	7.7059E-06
0.00000806	3.469787518	7.7825E-06
0.00000807	3.469787082	7.8606E-06
0.00000808	3.46978664	0.00000794
0.00000809	3.469786194	0.000008021
0.0000081	3.469785743	8.1035E-06
0.00000811	3.469785286	8.1877E-06
0.00000812	3.469784825	8.2734E-06
0.00000813	3.469784358	8.3609E-06
0.00000814	3.469783886	8.4502E-06
0.00000815	3.469783408	8.5413E-06
0.00000816	3.469782924	8.6343E-06
0.00000817	3.469782434	8.7293E-06
0.00000818	3.469781938	8.8263E-06
0.00000819	3.469781436	8.9255E-06
0.0000082	3.469780927	0.000009027
0.00000821	3.469780412	9.1307E-06
0.00000822	3.46977989	9.2369E-06
0.00000823	3.46977936	9.3456E-06
0.00000824	3.469778824	9.4569E-06
0.00000825	3.46977828	0.000009571
0.00000826	3.469777728	9.6879E-06
0.00000827	3.469777168	9.8078E-06
0.00000828	3.4697766	9.9309E-06
0.00000829	3.469776023	1.00572E-05
0.0000083	3.469775438	0.000010187
0.00000831	3.469774843	1.03204E-05
0.00000832	3.469774239	1.04575E-05
0.00000833	3.469773625	1.05986E-05
0.00000834	3.469773001	1.07439E-05
0.00000835	3.469772367	1.08935E-05
0.00000836	3.469771722	1.10478E-05
0.00000837	3.469771065	1.12069E-05
0.00000838	3.469770397	1.13711E-05
0.00000839	3.469769716	1.15408E-05
0.0000084	3.469769024	1.17161E-05
0.00000841	3.469768318	1.18975E-05
0.00000842	3.469767598	1.20853E-05
0.00000843	3.469766864	1.22798E-05
0.00000844	3.469766116	1.24815E-05
0.00000845	3.469765352	1.26909E-05
0.00000846	3.469764572	1.29083E-05
0.00000847	3.469763775	1.31344E-05
0.00000848	3.469762961	1.33696E-05
0.00000849	3.469762128	1.36146E-05
0.0000085	3.469761277	1.38701E-05
0.00000851	3.469760405	1.41368E-05
0.00000852	3.469759513	1.44154E-05
0.00000853	3.469758599	1.47068E-05
0.00000854	3.469757662	0.000015012
0.00000855	3.469756701	1.53321E-05
0.00000856	3.469755715	0.000015668
0.00000857	3.469754702	1.60211E-05
0.00000858	3.469753661	1.63928E-05
0.00000859	3.469752591	1.67845E-05
0.0000086	3.469751491	1.71979E-05
0.00000861	3.469750358	1.76348E-05
0.00000862	3.46974919	1.80973E-05
0.00000863	3.469747987	1.85877E-05
0.00000864	3.469746745	1.91084E-05
0.00000865	3.469745464	1.96623E-05
0.00000866	3.46974414	2.02525E-05
0.00000867	3.469742771	2.08825E-05
0.00000868	3.469741355	2.15563E-05
0.00000869	3.469739889	2.22782E-05
0.0000087	3.469738371	2.30533E-05
0.00000871	3.469736796	2.38873E-05
0.00000872	3.469735162	2.47864E-05
0.00000873	3.469733467	2.57579E-05
0.00000874	3.469731705	2.68101E-05
0.00000875	3.469729875	2.79524E-05
0.00000876	3.469727972	2.91954E-05
0.00000877	3.469725994	3.05515E-05
0.00000878	3.469723936	3.20348E-05
0.00000879	3.469721796	3.36616E-05
0.0000088	3.469719572	3.54505E-05
0.00000881	3.469717262	3.74231E-05
0.00000882	3.469714865	3.96045E-05
0.00000883	3.469712384	4.20235E-05
0.00000884	3.469709821	4.47136E-05
0.00000885	3.469707185	4.77133E-05
0.00000886	3.469704487	5.10673E-05
0.00000887	3.469701746	5.48267E-05
0.00000888	3.46969899	5.90497E-05
0.00000889	3.46969626	6.38024E-05
0.0000089	3.469693611	6.91576E-05
0.00000891	3.469691123	7.51945E-05
0.00000892	3.469688901	8.19953E-05
0.00000893	3.469687089	8.96397E-05
0.00000894	3.469685876	9.81953E-05
0.00000895	3.4696855	0.000107702
0.00000896	3.469686263	0.000118151
0.00000897	3.469688517	0.000129449
0.00000898	3.469692654	0.000141384
0.00000899	3.469699065	0.000153582
0.000009	3.469708063	0.000165478
0.00000901	3.469719795	0.000176327
0.00000902	3.469734123	0.000185263
0.00000903	3.469750559	0.000191437
0.00000904	3.469768265	0.000194194
0.00000905	3.469786168	0.000193243
0.00000906	3.469803164	0.000188736
0.00000907	3.469818326	0.000181223
0.00000908	3.469831054	0.000171504
0.00000909	3.469841103	0.000160444
0.0000091	3.469848532	0.000148825
0.00000911	3.469853604	0.000137264
0.00000912	3.469856681	0.000126189
0.00000913	3.469858148	0.000115862
0.00000914	3.469858363	0.000106413
0.00000915	3.469857637	9.78777E-05
0.00000916	3.469856223	9.02372E-05
0.00000917	3.469854322	8.34364E-05
0.00000918	3.46985209	7.74037E-05
0.00000919	3.469849643	0.000072062
0.0000092	3.469847069	0.000067335
0.00000921	3.469844432	0.000063151
0.00000922	3.469841777	5.94445E-05
0.00000923	3.469839138	5.61571E-05
0.00000924	3.469836537	5.32372E-05
0.00000925	3.469833989	5.06394E-05
0.00000926	3.469831505	4.83246E-05
0.00000927	3.469829091	4.62583E-05
0.00000928	3.469826749	4.44111E-05
0.00000929	3.469824481	4.27572E-05
0.0000093	3.469822286	4.12744E-05
0.00000931	3.469820163	3.99432E-05
0.00000932	3.469818109	3.87471E-05
0.00000933	3.469816123	3.76713E-05
0.00000934	3.469814202	3.67031E-05
0.00000935	3.469812341	3.58314E-05
0.00000936	3.46981054	3.50464E-05
0.00000937	3.469808793	3.43396E-05
0.00000938	3.469807099	3.37035E-05
0.00000939	3.469805454	3.31314E-05
0.0000094	3.469803856	3.26175E-05
0.00000941	3.469802302	3.21566E-05
0.00000942	3.46980079	3.17441E-05
0.00000943	3.469799316	0.000031376
0.00000944	3.46979788	3.10485E-05
0.00000945	3.469796478	3.07585E-05
0.00000946	3.469795109	3.05031E-05
0.00000947	3.469793771	3.02796E-05
0.00000948	3.469792462	3.00857E-05
0.00000949	3.46979118	2.99193E-05
0.0000095	3.469789924	2.97786E-05
0.00000951	3.469788692	2.96618E-05
0.00000952	3.469787483	2.95674E-05
0.00000953	3.469786295	2.94941E-05
0.00000954	3.469785128	2.94406E-05
0.00000955	3.46978398	2.94057E-05
0.00000956	3.46978285	2.93884E-05
0.00000957	3.469781737	2.93878E-05
0.00000958	3.46978064	2.94031E-05
0.00000959	3.469779558	2.94335E-05
0.0000096	3.46977849	2.94782E-05
0.00000961	3.469777435	2.95368E-05
0.00000962	3.469776394	2.96085E-05
0.00000963	3.469775364	2.96928E-05
0.00000964	3.469774345	2.97894E-05
0.00000965	3.469773337	2.98978E-05
0.00000966	3.469772339	3.00175E-05
0.00000967	3.469771351	3.01482E-05
0.00000968	3.469770371	3.02897E-05
0.00000969	3.469769399	3.04415E-05
0.0000097	3.469768435	3.06035E-05
0.00000971	3.469767479	3.07755E-05
0.00000972	3.46976653	3.09572E-05
0.00000973	3.469765587	3.11484E-05
0.00000974	3.46976465	0.000031349
0.00000975	3.469763718	3.15588E-05
0.00000976	3.469762792	3.17778E-05
0.00000977	3.469761871	3.20057E-05
0.00000978	3.469760955	3.22425E-05
0.00000979	3.469760043	3.24882E-05
0.0000098	3.469759135	3.27426E-05
0.00000981	3.469758231	3.30058E-05
0.00000982	3.46975733	3.32776E-05
0.00000983	3.469756433	3.35581E-05
0.00000984	3.469755538	3.38472E-05
0.00000985	3.469754647	0.000034145
0.00000986	3.469753757	3.44514E-05
0.00000987	3.469752871	3.47665E-05
0.00000988	3.469751986	3.50903E-05
0.00000989	3.469751103	3.54228E-05
0.0000099	3.469750222	3.57641E-05
0.00000991	3.469749343	3.61143E-05
0.00000992	3.469748465	3.64733E-05
0.00000993	3.469747588	3.68413E-05
0.00000994	3.469746713	3.72184E-05
0.00000995	3.469745839	3.76045E-05
0.00000996	3.469744965	0.000038
0.00000997	3.469744092	3.84047E-05
0.00000998	3.46974322	3.88189E-05
0.00000999	3.469742349	3.92426E-05
0.00001	3.469741478	0.000039676
0.00001001	3.469740607	4.01193E-05
0.00001002	3.469739737	4.05724E-05
0.00001003	3.469738867	4.10357E-05
0.00001004	3.469737997	4.15092E-05
0.00001005	3.469737128	4.19931E-05
0.00001006	3.469736258	4.24876E-05
0.00001007	3.469735389	4.29928E-05
0.00001008	3.469734519	4.35089E-05
0.00001009	3.46973365	4.40361E-05
0.0000101	3.46973278	4.45745E-05
0.00001011	3.469731911	4.51245E-05
0.00001012	3.469731041	4.56861E-05
0.00001013	3.469730172	4.62596E-05
0.00001014	3.469729303	4.68453E-05
0.00001015	3.469728433	4.74432E-05
0.00001016	3.469727564	4.80537E-05
0.00001017	3.469726695	0.000048677
0.00001018	3.469725826	4.93133E-05
0.00001019	3.469724958	4.99629E-05
0.0000102	3.469724089	0.000050626
0.00001021	3.469723222	5.13029E-05
0.00001022	3.469722354	5.19938E-05
0.00001023	3.469721488	5.26991E-05
0.00001024	3.469720622	0.000053419
0.00001025	3.469719757	5.41537E-05
0.00001026	3.469718893	5.49037E-05
0.00001027	3.469718031	5.56691E-05
0.00001028	3.46971717	5.64502E-05
0.00001029	3.46971631	5.72475E-05
0.0000103	3.469715452	5.80611E-05
0.00001031	3.469714596	5.88914E-05
0.00001032	3.469713743	5.97388E-05
0.00001033	3.469712892	6.06035E-05
0.00001034	3.469712044	6.14858E-05
0.00001035	3.469711199	6.23862E-05
0.00001036	3.469710357	6.33049E-05
0.00001037	3.469709519	6.42423E-05
0.00001038	3.469708685	6.51988E-05
0.00001039	3.469707855	6.61746E-05
0.0000104	3.469707031	6.71701E-05
0.00001041	3.469706211	6.81856E-05
0.00001042	3.469705397	6.92216E-05
0.00001043	3.469704589	7.02784E-05
0.00001044	3.469703788	7.13562E-05
0.00001045	3.469702994	7.24556E-05
0.00001046	3.469702207	7.35767E-05
0.00001047	3.469701429	7.47199E-05
0.00001048	3.469700659	7.58856E-05
0.00001049	3.469699899	7.70741E-05
0.0000105	3.469699149	7.82857E-05
0.00001051	3.46969841	7.95207E-05
0.00001052	3.469697682	8.07795E-05
0.00001053	3.469696966	8.20623E-05
0.00001054	3.469696264	8.33693E-05
0.00001055	3.469695575	0.000084701
0.00001056	3.469694901	8.60574E-05
0.00001057	3.469694242	8.74389E-05
0.00001058	3.4696936	8.88456E-05
0.00001059	3.469692975	9.02777E-05
0.0000106	3.469692368	9.17354E-05
0.00001061	3.469691781	9.32188E-05
0.00001062	3.469691215	0.000094728
0.00001063	3.46969067	0.000096263
0.00001064	3.469690148	0.000097824
0.00001065	3.46968965	9.94108E-05
0.00001066	3.469689177	0.000101023
0.00001067	3.469688731	0.000102662
0.00001068	3.469688312	0.000104326
0.00001069	3.469687923	0.000106015
0.0000107	3.469687564	0.000107729
0.00001071	3.469687237	0.000109468
0.00001072	3.469686944	0.000111232
0.00001073	3.469686685	0.000113019
0.00001074	3.469686462	0.00011483
0.00001075	3.469686278	0.000116663
0.00001076	3.469686133	0.000118519
0.00001077	3.469686029	0.000120396
0.00001078	3.469685967	0.000122293
0.00001079	3.46968595	0.000124209
0.0000108	3.469685978	0.000126144
0.00001081	3.469686054	0.000128096
0.00001082	3.469686179	0.000130064
0.00001083	3.469686354	0.000132046
0.00001084	3.469686581	0.000134041
0.00001085	3.469686862	0.000136048
0.00001086	3.469687198	0.000138064
0.00001087	3.46968759	0.000140088
0.00001088	3.469688041	0.000142117
0.00001089	3.469688551	0.00014415
0.0000109	3.469689121	0.000146185
0.00001091	3.469689753	0.000148218
0.00001092	3.469690448	0.000150248
0.00001093	3.469691206	0.000152272
0.00001094	3.46969203	0.000154287
0.00001095	3.469692919	0.00015629
0.00001096	3.469693873	0.000158279
0.00001097	3.469694895	0.00016025
0.00001098	3.469695983	0.0001622
0.00001099	3.469697138	0.000164126
0.000011	3.46969836	0.000166025
0.00001101	3.469699649	0.000167893
0.00001102	3.469701003	0.000169727
0.00001103	3.469702424	0.000171524
0.00001104	3.469703909	0.00017328
0.00001105	3.469705458	0.000174991
0.00001106	3.469707069	0.000176654
0.00001107	3.469708741	0.000178266
0.00001108	3.469710472	0.000179823
0.00001109	3.46971226	0.000181323
0.0000111	3.469714102	0.000182761
0.00001111	3.469715998	0.000184134
0.00001112	3.469717942	0.00018544
0.00001113	3.469719934	0.000186675
0.00001114	3.46972197	0.000187838
0.00001115	3.469724045	0.000188924
0.00001116	3.469726158	0.000189933
0.00001117	3.469728304	0.000190861
0.00001118	3.46973048	0.000191708
0.00001119	3.469732681	0.00019247
0.0000112	3.469734904	0.000193147
0.00001121	3.469737144	0.000193737
0.00001122	3.469739397	0.00019424
0.00001123	3.469741659	0.000194655
0.00001124	3.469743926	0.000194981
0.00001125	3.469746192	0.000195218
0.00001126	3.469748455	0.000195367
0.00001127	3.469750709	0.000195428
0.00001128	3.46975295	0.000195401
0.00001129	3.469755174	0.000195287
0.0000113	3.469757377	0.000195089
0.00001131	3.469759555	0.000194807
0.00001132	3.469761704	0.000194442
0.00001133	3.469763821	0.000193997
0.00001134	3.469765901	0.000193474
0.00001135	3.469767942	0.000192876
0.00001136	3.46976994	0.000192204
0.00001137	3.469771893	0.000191461
0.00001138	3.469773796	0.000190651
0.00001139	3.469775649	0.000189776
0.0000114	3.469777448	0.000188838
0.00001141	3.469779191	0.000187842
0.00001142	3.469780877	0.00018679
0.00001143	3.469782503	0.000185686
0.00001144	3.469784068	0.000184532
0.00001145	3.469785571	0.000183333
0.00001146	3.469787011	0.00018209
0.00001147	3.469788386	0.000180808
0.00001148	3.469789697	0.00017949
0.00001149	3.469790942	0.000178139
0.0000115	3.469792121	0.000176758
0.00001151	3.469793235	0.000175351
0.00001152	3.469794282	0.000173919
0.00001153	3.469795264	0.000172467
0.00001154	3.46979618	0.000170996
0.00001155	3.469797032	0.000169511
0.00001156	3.469797818	0.000168013
0.00001157	3.469798541	0.000166505
0.00001158	3.469799201	0.000164989
0.00001159	3.469799799	0.000163468
0.0000116	3.469800335	0.000161945
0.00001161	3.469800811	0.00016042
0.00001162	3.469801228	0.000158897
0.00001163	3.469801587	0.000157377
0.00001164	3.469801889	0.000155863
0.00001165	3.469802136	0.000154355
0.00001166	3.469802328	0.000152855
0.00001167	3.469802467	0.000151365
0.00001168	3.469802554	0.000149887
0.00001169	3.469802591	0.000148421
0.0000117	3.469802578	0.000146969
0.00001171	3.469802518	0.000145532
0.00001172	3.469802411	0.000144112
0.00001173	3.46980226	0.000142708
0.00001174	3.469802064	0.000141322
0.00001175	3.469801826	0.000139955
0.00001176	3.469801546	0.000138607
0.00001177	3.469801227	0.000137279
0.00001178	3.469800869	0.000135973
0.00001179	3.469800473	0.000134687
0.0000118	3.469800041	0.000133423
0.00001181	3.469799574	0.000132182
0.00001182	3.469799073	0.000130963
0.00001183	3.469798539	0.000129766
0.00001184	3.469797973	0.000128593
0.00001185	3.469797376	0.000127444
0.00001186	3.46979675	0.000126318
0.00001187	3.469796095	0.000125216
0.00001188	3.469795412	0.000124138
0.00001189	3.469794703	0.000123084
0.0000119	3.469793967	0.000122054
0.00001191	3.469793207	0.000121049
0.00001192	3.469792422	0.000120068
0.00001193	3.469791614	0.00011911
0.00001194	3.469790783	0.000118178
0.00001195	3.46978993	0.000117269
0.00001196	3.469789056	0.000116385
0.00001197	3.469788162	0.000115525
0.00001198	3.469787247	0.000114689
0.00001199	3.469786314	0.000113877
0.000012	3.469785362	0.000113089
0.00001201	3.469784392	0.000112324
0.00001202	3.469783404	0.000111584
0.00001203	3.4697824	0.000110867
0.00001204	3.469781378	0.000110174
0.00001205	3.469780341	0.000109504
0.00001206	3.469779289	0.000108858
0.00001207	3.469778221	0.000108234
0.00001208	3.469777139	0.000107634
0.00001209	3.469776042	0.000107057
0.0000121	3.469774932	0.000106503
0.00001211	3.469773807	0.000105972
0.00001212	3.46977267	0.000105463
0.00001213	3.46977152	0.000104978
0.00001214	3.469770356	0.000104514
0.00001215	3.469769181	0.000104074
0.00001216	3.469767994	0.000103655
0.00001217	3.469766794	0.000103259
0.00001218	3.469765583	0.000102885
0.00001219	3.469764361	0.000102534
0.0000122	3.469763127	0.000102205
0.00001221	3.469761882	0.000101898
0.00001222	3.469760627	0.000101613
0.00001223	3.469759361	0.00010135
0.00001224	3.469758084	0.000101109
0.00001225	3.469756797	0.000100891
0.00001226	3.4697555	0.000100694
0.00001227	3.469754192	0.00010052
0.00001228	3.469752875	0.000100368
0.00001229	3.469751547	0.000100238
0.0000123	3.46975021	0.000100131
0.00001231	3.469748864	0.000100046
0.00001232	3.469747507	0.000099984
0.00001233	3.469746141	9.99443E-05
0.00001234	3.469744766	9.99274E-05
0.00001235	3.469743381	9.99335E-05
0.00001236	3.469741987	9.99626E-05
0.00001237	3.469740584	0.000100015
0.00001238	3.469739172	0.000100091
0.00001239	3.46973775	0.00010019
0.0000124	3.469736319	0.000100314
0.00001241	3.46973488	0.000100461
0.00001242	3.469733431	0.000100633
0.00001243	3.469731974	0.000100829
0.00001244	3.469730507	0.000101051
0.00001245	3.469729032	0.000101297
0.00001246	3.469727549	0.00010157
0.00001247	3.469726056	0.000101868
0.00001248	3.469724555	0.000102193
0.00001249	3.469723046	0.000102544
0.0000125	3.469721528	0.000102923
0.00001251	3.469720001	0.000103329
0.00001252	3.469718467	0.000103763
0.00001253	3.469716924	0.000104227
0.00001254	3.469715374	0.000104719
0.00001255	3.469713815	0.000105241
0.00001256	3.469712249	0.000105793
0.00001257	3.469710675	0.000106377
0.00001258	3.469709094	0.000106991
0.00001259	3.469707506	0.000107639
0.0000126	3.469705911	0.000108319
0.00001261	3.469704309	0.000109033
0.00001262	3.469702701	0.000109781
0.00001263	3.469701086	0.000110564
0.00001264	3.469699466	0.000111384
0.00001265	3.46969784	0.000112241
0.00001266	3.46969621	0.000113135
0.00001267	3.469694575	0.000114069
0.00001268	3.469692935	0.000115042
0.00001269	3.469691292	0.000116056
0.0000127	3.469689646	0.000117112
0.00001271	3.469687998	0.000118211
0.00001272	3.469686348	0.000119353
0.00001273	3.469684696	0.000120542
0.00001274	3.469683045	0.000121776
0.00001275	3.469681395	0.000123058
0.00001276	3.469679746	0.000124389
0.00001277	3.469678099	0.00012577
0.00001278	3.469676457	0.000127203
0.00001279	3.46967482	0.000128689
0.0000128	3.469673188	0.000130228
0.00001281	3.469671565	0.000131824
0.00001282	3.469669951	0.000133476
0.00001283	3.469668348	0.000135188
0.00001284	3.469666758	0.000136959
0.00001285	3.469665182	0.000138791
0.00001286	3.469663624	0.000140687
0.00001287	3.469662084	0.000142647
0.00001288	3.469660565	0.000144673
0.00001289	3.469659071	0.000146766
0.0000129	3.469657603	0.000148929
0.00001291	3.469656165	0.000151161
0.00001292	3.46965476	0.000153465
0.00001293	3.469653391	0.000155841
0.00001294	3.469652061	0.000158291
0.00001295	3.469650776	0.000160817
0.00001296	3.469649537	0.000163418
0.00001297	3.469648351	0.000166095
0.00001298	3.469647221	0.000168851
0.00001299	3.469646152	0.000171683
0.000013	3.46964515	0.000174594
0.00001301	3.469644219	0.000177583
0.00001302	3.469643365	0.000180649
0.00001303	3.469642595	0.000183793
0.00001304	3.469641913	0.000187012
0.00001305	3.469641327	0.000190306
0.00001306	3.469640843	0.000193672
0.00001307	3.469640467	0.00019711
0.00001308	3.469640207	0.000200614
0.00001309	3.46964007	0.000204183
0.0000131	3.469640062	0.000207812
0.00001311	3.469640192	0.000211496
0.00001312	3.469640465	0.000215231
0.00001313	3.469640891	0.00021901
0.00001314	3.469641474	0.000222825
0.00001315	3.469642224	0.000226671
0.00001316	3.469643145	0.000230537
0.00001317	3.469644245	0.000234414
0.00001318	3.469645528	0.000238293
0.00001319	3.469647001	0.000242162
0.0000132	3.469648668	0.000246009
0.00001321	3.469650532	0.000249822
0.00001322	3.469652597	0.000253587
0.00001323	3.469654863	0.00025729
0.00001324	3.469657332	0.000260916
0.00001325	3.469660003	0.000264449
0.00001326	3.469662874	0.000267875
0.00001327	3.46966594	0.000271178
0.00001328	3.469669198	0.000274341
0.00001329	3.469672641	0.000277348
0.0000133	3.46967626	0.000280185
0.00001331	3.469680046	0.000282835
0.00001332	3.469683987	0.000285285
0.00001333	3.469688069	0.000287521
0.00001334	3.46969228	0.00028953
0.00001335	3.469696602	0.000291302
0.00001336	3.469701019	0.000292826
0.00001337	3.469705513	0.000294094
0.00001338	3.469710065	0.0002951
0.00001339	3.469714656	0.000295839
0.0000134	3.469719264	0.000296309
0.00001341	3.469723871	0.000296509
0.00001342	3.469728457	0.00029644
0.00001343	3.469733	0.000296105
0.00001344	3.469737483	0.00029551
0.00001345	3.469741887	0.00029466
0.00001346	3.469746193	0.000293565
0.00001347	3.469750386	0.000292234
0.00001348	3.469754451	0.000290679
0.00001349	3.469758373	0.000288913
0.0000135	3.46976214	0.000286947
0.00001351	3.469765741	0.000284798
0.00001352	3.469769167	0.000282478
0.00001353	3.46977241	0.000280005
0.00001354	3.469775464	0.000277392
0.00001355	3.469778324	0.000274656
0.00001356	3.469780988	0.000271811
0.00001357	3.469783452	0.000268873
0.00001358	3.469785717	0.000265855
0.00001359	3.469787782	0.000262772
0.0000136	3.46978965	0.000259638
0.00001361	3.469791324	0.000256465
0.00001362	3.469792805	0.000253266
0.00001363	3.4697941	0.000250051
0.00001364	3.469795212	0.000246831
0.00001365	3.469796146	0.000243616
0.00001366	3.469796909	0.000240414
0.00001367	3.469797506	0.000237234
0.00001368	3.469797944	0.000234084
0.00001369	3.469798229	0.000230969
0.0000137	3.469798368	0.000227896
0.00001371	3.469798366	0.00022487
0.00001372	3.469798232	0.000221896
0.00001373	3.469797972	0.000218977
0.00001374	3.469797591	0.000216117
0.00001375	3.469797096	0.000213319
0.00001376	3.469796494	0.000210585
0.00001377	3.469795789	0.000207917
0.00001378	3.46979499	0.000205318
0.00001379	3.469794099	0.000202787
0.0000138	3.469793124	0.000200326
0.00001381	3.469792069	0.000197936
0.00001382	3.469790939	0.000195616
0.00001383	3.469789739	0.000193367
0.00001384	3.469788473	0.000191189
0.00001385	3.469787146	0.000189081
0.00001386	3.469785761	0.000187043
0.00001387	3.469784322	0.000185075
0.00001388	3.469782833	0.000183175
0.00001389	3.469781297	0.000181343
0.0000139	3.469779717	0.000179577
0.00001391	3.469778096	0.000177877
0.00001392	3.469776438	0.000176242
0.00001393	3.469774744	0.000174671
0.00001394	3.469773017	0.000173162
0.00001395	3.469771259	0.000171714
0.00001396	3.469769473	0.000170326
0.00001397	3.46976766	0.000168998
0.00001398	3.469765823	0.000167727
0.00001399	3.469763962	0.000166512
0.000014	3.46976208	0.000165353
0.00001401	3.469760178	0.000164247
0.00001402	3.469758258	0.000163195
0.00001403	3.46975632	0.000162194
0.00001404	3.469754366	0.000161244
0.00001405	3.469752398	0.000160344
0.00001406	3.469750415	0.000159492
0.00001407	3.469748419	0.000158687
0.00001408	3.469746411	0.000157928
0.00001409	3.469744391	0.000157215
0.0000141	3.469742361	0.000156546
0.00001411	3.469740321	0.000155921
0.00001412	3.469738271	0.000155338
0.00001413	3.469736213	0.000154796
0.00001414	3.469734146	0.000154295
0.00001415	3.469732071	0.000153834
0.00001416	3.469729988	0.000153412
0.00001417	3.469727899	0.000153029
0.00001418	3.469725802	0.000152683
0.00001419	3.469723699	0.000152373
0.0000142	3.46972159	0.0001521
0.00001421	3.469719475	0.000151862
0.00001422	3.469717354	0.00015166
0.00001423	3.469715228	0.000151491
0.00001424	3.469713096	0.000151356
0.00001425	3.469710958	0.000151254
0.00001426	3.469708816	0.000151185
0.00001427	3.469706668	0.000151148
0.00001428	3.469704516	0.000151142
0.00001429	3.469702358	0.000151168
0.0000143	3.469700195	0.000151225
0.00001431	3.469698028	0.000151311
0.00001432	3.469695856	0.000151428
0.00001433	3.469693679	0.000151575
0.00001434	3.469691497	0.000151751
0.00001435	3.46968931	0.000151955
0.00001436	3.469687118	0.000152189
0.00001437	3.469684921	0.000152451
0.00001438	3.469682719	0.000152741
0.00001439	3.469680512	0.000153059
0.0000144	3.4696783	0.000153405
0.00001441	3.469676082	0.000153778
0.00001442	3.46967386	0.000154179
0.00001443	3.469671632	0.000154607
0.00001444	3.469669398	0.000155062
0.00001445	3.469667159	0.000155544
0.00001446	3.469664914	0.000156053
0.00001447	3.469662664	0.000156588
0.00001448	3.469660407	0.00015715
0.00001449	3.469658145	0.000157739
0.0000145	3.469655877	0.000158355
0.00001451	3.469653602	0.000158997
0.00001452	3.469651321	0.000159665
0.00001453	3.469649034	0.000160361
0.00001454	3.46964674	0.000161082
0.00001455	3.469644439	0.000161831
0.00001456	3.469642132	0.000162606
0.00001457	3.469639817	0.000163408
0.00001458	3.469637496	0.000164236
0.00001459	3.469635168	0.000165092
0.0000146	3.469632832	0.000165975
0.00001461	3.469630489	0.000166884
0.00001462	3.469628138	0.000167822
0.00001463	3.469625779	0.000168786
0.00001464	3.469623413	0.000169778
0.00001465	3.469621039	0.000170798
0.00001466	3.469618657	0.000171846
0.00001467	3.469616267	0.000172922
0.00001468	3.469613868	0.000174027
0.00001469	3.469611461	0.00017516
0.0000147	3.469609045	0.000176322
0.00001471	3.469606621	0.000177513
0.00001472	3.469604189	0.000178734
0.00001473	3.469601747	0.000179984
0.00001474	3.469599296	0.000181265
0.00001475	3.469596837	0.000182575
0.00001476	3.469594368	0.000183917
0.00001477	3.46959189	0.000185289
0.00001478	3.469589402	0.000186693
0.00001479	3.469586905	0.000188129
0.0000148	3.469584399	0.000189597
0.00001481	3.469581883	0.000191098
0.00001482	3.469579357	0.000192631
0.00001483	3.469576822	0.000194198
0.00001484	3.469574277	0.000195799
0.00001485	3.469571721	0.000197435
0.00001486	3.469569156	0.000199105
0.00001487	3.469566581	0.00020081
0.00001488	3.469563996	0.000202552
0.00001489	3.469561401	0.00020433
0.0000149	3.469558796	0.000206145
0.00001491	3.46955618	0.000207997
0.00001492	3.469553555	0.000209888
0.00001493	3.469550919	0.000211817
0.00001494	3.469548273	0.000213786
0.00001495	3.469545617	0.000215795
0.00001496	3.469542951	0.000217844
0.00001497	3.469540275	0.000219935
0.00001498	3.469537588	0.000222068
0.00001499	3.469534892	0.000224244
0.000015	3.469532186	0.000226463
0.00001501	3.46952947	0.000228726
0.00001502	3.469526744	0.000231035
0.00001503	3.469524009	0.000233389
0.00001504	3.469521264	0.00023579
0.00001505	3.469518509	0.000238238
0.00001506	3.469515745	0.000240735
0.00001507	3.469512973	0.000243281
0.00001508	3.469510191	0.000245877
0.00001509	3.4695074	0.000248524
0.0000151	3.469504601	0.000251223
0.00001511	3.469501794	0.000253976
0.00001512	3.469498979	0.000256782
0.00001513	3.469496156	0.000259643
0.00001514	3.469493325	0.00026256
0.00001515	3.469490488	0.000265534
0.00001516	3.469487644	0.000268567
0.00001517	3.469484793	0.000271658
0.00001518	3.469481936	0.00027481
0.00001519	3.469479074	0.000278024
0.0000152	3.469476207	0.000281301
0.00001521	3.469473336	0.000284641
0.00001522	3.46947046	0.000288047
0.00001523	3.469467581	0.00029152
0.00001524	3.469464699	0.00029506
0.00001525	3.469461814	0.000298669
0.00001526	3.469458929	0.000302349
0.00001527	3.469456042	0.000306101
0.00001528	3.469453156	0.000309926
0.00001529	3.46945027	0.000313826
0.0000153	3.469447386	0.000317802
0.00001531	3.469444504	0.000321855
0.00001532	3.469441626	0.000325988
0.00001533	3.469438752	0.000330201
0.00001534	3.469435884	0.000334497
0.00001535	3.469433023	0.000338876
0.00001536	3.46943017	0.000343341
0.00001537	3.469427326	0.000347893
0.00001538	3.469424492	0.000352534
0.00001539	3.46942167	0.000357265
0.0000154	3.469418862	0.000362088
0.00001541	3.469416069	0.000367005
0.00001542	3.469413292	0.000372018
0.00001543	3.469410534	0.000377127
0.00001544	3.469407795	0.000382336
0.00001545	3.469405079	0.000387646
0.00001546	3.469402386	0.000393058
0.00001547	3.46939972	0.000398575
0.00001548	3.469397082	0.000404198
0.00001549	3.469394474	0.00040993
0.0000155	3.469391899	0.000415771
0.00001551	3.46938936	0.000421724
0.00001552	3.469386859	0.00042779
0.00001553	3.469384398	0.000433972
0.00001554	3.469381981	0.000440271
0.00001555	3.469379611	0.000446689
0.00001556	3.469377291	0.000453228
0.00001557	3.469375023	0.000459889
0.00001558	3.469372812	0.000466674
0.00001559	3.469370661	0.000473585
0.0000156	3.469368574	0.000480624
0.00001561	3.469366555	0.000487792
0.00001562	3.469364607	0.00049509
0.00001563	3.469362735	0.000502521
0.00001564	3.469360944	0.000510085
0.00001565	3.469359237	0.000517784
0.00001566	3.46935762	0.000525619
0.00001567	3.469356097	0.00053359
0.00001568	3.469354673	0.000541701
0.00001569	3.469353355	0.00054995
0.0000157	3.469352146	0.000558339
0.00001571	3.469351054	0.000566869
0.00001572	3.469350083	0.000575539
0.00001573	3.46934924	0.000584351
0.00001574	3.469348531	0.000593304
0.00001575	3.469347962	0.000602398
0.00001576	3.46934754	0.000611634
0.00001577	3.469347272	0.000621009
0.00001578	3.469347165	0.000630525
0.00001579	3.469347225	0.000640179
0.0000158	3.469347461	0.00064997
0.00001581	3.46934788	0.000659897
0.00001582	3.469348489	0.000669958
0.00001583	3.469349297	0.00068015
0.00001584	3.469350311	0.000690471
0.00001585	3.46935154	0.000700918
0.00001586	3.469352991	0.000711487
0.00001587	3.469354674	0.000722174
0.00001588	3.469356596	0.000732976
0.00001589	3.469358766	0.000743886
0.0000159	3.469361193	0.000754901
0.00001591	3.469363885	0.000766015
0.00001592	3.469366851	0.00077722
0.00001593	3.4693701	0.000788511
0.00001594	3.469373639	0.000799879
0.00001595	3.469377479	0.000811318
0.00001596	3.469381626	0.000822818
0.00001597	3.469386089	0.00083437
0.00001598	3.469390875	0.000845964
0.00001599	3.469395994	0.000857591
0.000016	3.469401451	0.000869239
0.00001601	3.469407255	0.000880896
0.00001602	3.469413412	0.00089255
0.00001603	3.469419927	0.000904189
0.00001604	3.469426808	0.000915798
0.00001605	3.469434059	0.000927364
0.00001606	3.469441685	0.000938872
0.00001607	3.46944969	0.000950307
0.00001608	3.469458077	0.000961653
0.00001609	3.469466849	0.000972892
0.0000161	3.469476008	0.00098401
0.00001611	3.469485555	0.000994988
0.00001612	3.469495489	0.001005809
0.00001613	3.46950581	0.001016454
0.00001614	3.469516516	0.001026906
0.00001615	3.469527603	0.001037146
0.00001616	3.469539069	0.001047155
0.00001617	3.469550907	0.001056914
0.00001618	3.469563112	0.001066406
0.00001619	3.469575675	0.00107561
0.0000162	3.469588589	0.00108451
0.00001621	3.469601843	0.001093085
0.00001622	3.469615427	0.00110132
0.00001623	3.469629327	0.001109195
0.00001624	3.469643532	0.001116695
0.00001625	3.469658026	0.001123802
0.00001626	3.469672795	0.001130502
0.00001627	3.46968782	0.001136779
0.00001628	3.469703085	0.00114262
0.00001629	3.46971857	0.001148011
0.0000163	3.469734258	0.001152941
0.00001631	3.469750126	0.001157398
0.00001632	3.469766154	0.001161374
0.00001633	3.469782321	0.00116486
0.00001634	3.469798604	0.001167849
0.00001635	3.46981498	0.001170335
0.00001636	3.469831427	0.001172314
0.00001637	3.46984792	0.001173783
0.00001638	3.469864438	0.00117474
0.00001639	3.469880955	0.001175186
0.0000164	3.469897449	0.001175122
0.00001641	3.469913897	0.00117455
0.00001642	3.469930275	0.001173475
0.00001643	3.469946562	0.001171902
0.00001644	3.469962734	0.001169839
0.00001645	3.469978772	0.001167293
0.00001646	3.469994653	0.001164273
0.00001647	3.470010358	0.00116079
0.00001648	3.470025867	0.001156856
0.00001649	3.470041163	0.001152483
0.0000165	3.470056228	0.001147684
0.00001651	3.470071046	0.001142474
0.00001652	3.470085601	0.001136868
0.00001653	3.470099879	0.001130881
0.00001654	3.470113867	0.00112453
0.00001655	3.470127553	0.001117831
0.00001656	3.470140927	0.001110802
0.00001657	3.470153978	0.001103459
0.00001658	3.470166697	0.001095821
0.00001659	3.470179079	0.001087905
0.0000166	3.470191115	0.001079729
0.00001661	3.470202801	0.001071311
0.00001662	3.470214133	0.001062668
0.00001663	3.470225107	0.001053818
0.00001664	3.470235721	0.001044779
0.00001665	3.470245974	0.001035567
0.00001666	3.470255866	0.001026199
0.00001667	3.470265396	0.001016692
0.00001668	3.470274566	0.001007061
0.00001669	3.470283377	0.000997322
0.0000167	3.470291834	0.00098749
0.00001671	3.470299939	0.000977579
0.00001672	3.470307695	0.000967604
0.00001673	3.470315107	0.000957578
0.00001674	3.470322181	0.000947514
0.00001675	3.470328922	0.000937424
0.00001676	3.470335335	0.00092732
0.00001677	3.470341426	0.000917213
0.00001678	3.470347203	0.000907114
0.00001679	3.470352671	0.000897033
0.0000168	3.470357839	0.000886979
0.00001681	3.470362712	0.000876961
0.00001682	3.470367299	0.000866988
0.00001683	3.470371607	0.000857067
0.00001684	3.470375643	0.000847205
0.00001685	3.470379415	0.000837411
0.00001686	3.47038293	0.000827689
0.00001687	3.470386198	0.000818045
0.00001688	3.470389224	0.000808486
0.00001689	3.470392017	0.000799015
0.0000169	3.470394584	0.000789638
0.00001691	3.470396933	0.000780358
0.00001692	3.470399072	0.00077118
0.00001693	3.470401007	0.000762106
0.00001694	3.470402746	0.00075314
0.00001695	3.470404296	0.000744283
0.00001696	3.470405664	0.00073554
0.00001697	3.470406858	0.00072691
0.00001698	3.470407882	0.000718397
0.00001699	3.470408745	0.000710002
0.000017	3.470409453	0.000701726
0.00001701	3.470410012	0.00069357
0.00001702	3.470410427	0.000685534
0.00001703	3.470410706	0.00067762
0.00001704	3.470410853	0.000669828
0.00001705	3.470410875	0.000662158
0.00001706	3.470410776	0.000654609
0.00001707	3.470410563	0.000647183
0.00001708	3.47041024	0.000639878
0.00001709	3.470409812	0.000632694
0.0000171	3.470409284	0.000625631
0.00001711	3.470408661	0.000618688
0.00001712	3.470407947	0.000611864
0.00001713	3.470407147	0.000605159
0.00001714	3.470406264	0.000598571
0.00001715	3.470405302	0.000592101
0.00001716	3.470404267	0.000585745
0.00001717	3.470403161	0.000579505
0.00001718	3.470401987	0.000573377
0.00001719	3.470400751	0.000567362
0.0000172	3.470399454	0.000561458
0.00001721	3.4703981	0.000555663
0.00001722	3.470396692	0.000549976
0.00001723	3.470395233	0.000544397
0.00001724	3.470393727	0.000538923
0.00001725	3.470392175	0.000533553
0.00001726	3.470390581	0.000528285
0.00001727	3.470388946	0.000523119
0.00001728	3.470387274	0.000518053
0.00001729	3.470385567	0.000513085
0.0000173	3.470383826	0.000508214
0.00001731	3.470382055	0.000503439
0.00001732	3.470380255	0.000498757
0.00001733	3.470378428	0.000494168
0.00001734	3.470376577	0.00048967
0.00001735	3.470374702	0.000485262
0.00001736	3.470372806	0.000480942
0.00001737	3.47037089	0.000476709
0.00001738	3.470368956	0.000472561
0.00001739	3.470367005	0.000468497
0.0000174	3.47036504	0.000464516
0.00001741	3.470363061	0.000460616
0.00001742	3.470361069	0.000456796
0.00001743	3.470359067	0.000453054
0.00001744	3.470357054	0.00044939
0.00001745	3.470355033	0.000445801
0.00001746	3.470353005	0.000442287
0.00001747	3.47035097	0.000438846
0.00001748	3.470348929	0.000435477
0.00001749	3.470346885	0.000432179
0.0000175	3.470344836	0.000428951
0.00001751	3.470342786	0.000425791
0.00001752	3.470340733	0.000422698
0.00001753	3.47033868	0.000419671
0.00001754	3.470336626	0.000416709
0.00001755	3.470334573	0.00041381
0.00001756	3.470332522	0.000410974
0.00001757	3.470330472	0.0004082
0.00001758	3.470328425	0.000405486
0.00001759	3.470326382	0.000402832
0.0000176	3.470324342	0.000400236
0.00001761	3.470322307	0.000397697
0.00001762	3.470320277	0.000395214
0.00001763	3.470318252	0.000392787
0.00001764	3.470316234	0.000390415
0.00001765	3.470314222	0.000388096
0.00001766	3.470312217	0.000385829
0.00001767	3.470310219	0.000383614
0.00001768	3.470308229	0.000381449
0.00001769	3.470306248	0.000379335
0.0000177	3.470304274	0.00037727
0.00001771	3.47030231	0.000375252
0.00001772	3.470300355	0.000373282
0.00001773	3.47029841	0.000371359
0.00001774	3.470296475	0.000369481
0.00001775	3.47029455	0.000367648
0.00001776	3.470292635	0.00036586
0.00001777	3.470290731	0.000364115
0.00001778	3.470288838	0.000362412
0.00001779	3.470286957	0.000360752
0.0000178	3.470285086	0.000359132
0.00001781	3.470283228	0.000357554
0.00001782	3.470281382	0.000356015
0.00001783	3.470279547	0.000354516
0.00001784	3.470277725	0.000353055
0.00001785	3.470275916	0.000351632
0.00001786	3.470274119	0.000350247
0.00001787	3.470272335	0.000348898
0.00001788	3.470270564	0.000347585
0.00001789	3.470268807	0.000346308
0.0000179	3.470267063	0.000345066
0.00001791	3.470265332	0.000343858
0.00001792	3.470263615	0.000342684
0.00001793	3.470261911	0.000341543
0.00001794	3.470260222	0.000340435
0.00001795	3.470258546	0.000339359
0.00001796	3.470256885	0.000338314
0.00001797	3.470255238	0.000337301
0.00001798	3.470253605	0.000336319
0.00001799	3.470251987	0.000335367
0.000018	3.470250383	0.000334444
0.00001801	3.470248794	0.00033355
0.00001802	3.470247219	0.000332686
0.00001803	3.47024566	0.000331849
0.00001804	3.470244115	0.000331041
0.00001805	3.470242585	0.000330259
0.00001806	3.470241071	0.000329505
0.00001807	3.470239571	0.000328777
0.00001808	3.470238087	0.000328076
0.00001809	3.470236618	0.0003274
0.0000181	3.470235164	0.000326749
0.00001811	3.470233726	0.000326123
0.00001812	3.470232303	0.000325522
0.00001813	3.470230895	0.000324944
0.00001814	3.470229504	0.000324391
0.00001815	3.470228127	0.00032386
0.00001816	3.470226767	0.000323353
0.00001817	3.470225422	0.000322868
0.00001818	3.470224094	0.000322406
0.00001819	3.470222781	0.000321965
0.0000182	3.470221484	0.000321546
0.00001821	3.470220203	0.000321148
0.00001822	3.470218938	0.00032077
0.00001823	3.470217689	0.000320413
0.00001824	3.470216456	0.000320077
0.00001825	3.470215239	0.00031976
0.00001826	3.470214038	0.000319462
0.00001827	3.470212854	0.000319184
0.00001828	3.470211686	0.000318924
0.00001829	3.470210534	0.000318683
0.0000183	3.470209399	0.000318461
0.00001831	3.47020828	0.000318256
0.00001832	3.470207178	0.000318068
0.00001833	3.470206092	0.000317898
0.00001834	3.470205022	0.000317745
0.00001835	3.470203969	0.000317608
0.00001836	3.470202933	0.000317488
0.00001837	3.470201913	0.000317384
0.00001838	3.47020091	0.000317296
0.00001839	3.470199924	0.000317223
0.0000184	3.470198954	0.000317165
0.00001841	3.470198001	0.000317122
0.00001842	3.470197065	0.000317094
0.00001843	3.470196146	0.000317081
0.00001844	3.470195244	0.000317081
0.00001845	3.470194358	0.000317095
0.00001846	3.470193489	0.000317122
0.00001847	3.470192638	0.000317163
0.00001848	3.470191803	0.000317217
0.00001849	3.470190985	0.000317283
0.0000185	3.470190184	0.000317362
0.00001851	3.470189401	0.000317453
0.00001852	3.470188634	0.000317556
0.00001853	3.470187884	0.00031767
0.00001854	3.470187152	0.000317796
0.00001855	3.470186436	0.000317933
0.00001856	3.470185738	0.00031808
0.00001857	3.470185057	0.000318238
0.00001858	3.470184393	0.000318407
0.00001859	3.470183746	0.000318585
0.0000186	3.470183117	0.000318773
0.00001861	3.470182504	0.000318971
0.00001862	3.470181909	0.000319178
0.00001863	3.470181331	0.000319393
0.00001864	3.47018077	0.000319618
0.00001865	3.470180227	0.000319851
0.00001866	3.470179701	0.000320092
0.00001867	3.470179192	0.000320341
0.00001868	3.4701787	0.000320597
0.00001869	3.470178226	0.000320861
0.0000187	3.470177769	0.000321132
0.00001871	3.470177329	0.00032141
0.00001872	3.470176906	0.000321695
0.00001873	3.470176501	0.000321986
0.00001874	3.470176112	0.000322283
0.00001875	3.470175741	0.000322585
0.00001876	3.470175388	0.000322894
0.00001877	3.470175051	0.000323208
0.00001878	3.470174732	0.000323526
0.00001879	3.47017443	0.00032385
0.0000188	3.470174145	0.000324178
0.00001881	3.470173877	0.00032451
0.00001882	3.470173626	0.000324847
0.00001883	3.470173392	0.000325187
0.00001884	3.470173175	0.000325531
0.00001885	3.470172976	0.000325878
0.00001886	3.470172793	0.000326228
0.00001887	3.470172627	0.00032658
0.00001888	3.470172478	0.000326936
0.00001889	3.470172346	0.000327293
0.0000189	3.470172231	0.000327652
0.00001891	3.470172132	0.000328014
0.00001892	3.47017205	0.000328376
0.00001893	3.470171985	0.00032874
0.00001894	3.470171936	0.000329105
0.00001895	3.470171904	0.00032947
0.00001896	3.470171889	0.000329836
0.00001897	3.470171889	0.000330202
0.00001898	3.470171907	0.000330568
0.00001899	3.47017194	0.000330934
0.000019	3.470171989	0.0003313
0.00001901	3.470172055	0.000331664
0.00001902	3.470172137	0.000332028
0.00001903	3.470172234	0.00033239
0.00001904	3.470172348	0.00033275
0.00001905	3.470172477	0.000333109
0.00001906	3.470172622	0.000333466
0.00001907	3.470172782	0.000333821
0.00001908	3.470172958	0.000334173
0.00001909	3.47017315	0.000334522
0.0000191	3.470173356	0.000334868
0.00001911	3.470173578	0.000335212
0.00001912	3.470173815	0.000335551
0.00001913	3.470174066	0.000335887
0.00001914	3.470174333	0.000336219
0.00001915	3.470174614	0.000336547
0.00001916	3.470174909	0.000336871
0.00001917	3.470175219	0.00033719
0.00001918	3.470175543	0.000337504
0.00001919	3.470175882	0.000337813
0.0000192	3.470176234	0.000338117
0.00001921	3.4701766	0.000338416
0.00001922	3.47017698	0.000338709
0.00001923	3.470177374	0.000338995
0.00001924	3.47017778	0.000339276
0.00001925	3.4701782	0.00033955
0.00001926	3.470178633	0.000339818
0.00001927	3.470179079	0.00034008
0.00001928	3.470179538	0.000340334
0.00001929	3.470180009	0.000340581
0.0000193	3.470180493	0.000340821
0.00001931	3.470180989	0.000341053
0.00001932	3.470181497	0.000341277
0.00001933	3.470182016	0.000341494
0.00001934	3.470182547	0.000341703
0.00001935	3.47018309	0.000341903
0.00001936	3.470183644	0.000342095
0.00001937	3.470184209	0.000342279
0.00001938	3.470184785	0.000342454
0.00001939	3.470185372	0.000342619
0.0000194	3.470185969	0.000342776
0.00001941	3.470186577	0.000342924
0.00001942	3.470187194	0.000343062
0.00001943	3.470187821	0.000343191
0.00001944	3.470188458	0.00034331
0.00001945	3.470189105	0.000343419
0.00001946	3.47018976	0.000343518
0.00001947	3.470190425	0.000343607
0.00001948	3.470191098	0.000343686
0.00001949	3.47019178	0.000343755
0.0000195	3.470192471	0.000343814
0.00001951	3.470193169	0.000343861
0.00001952	3.470193875	0.000343899
0.00001953	3.470194589	0.000343925
0.00001954	3.47019531	0.000343941
0.00001955	3.470196039	0.000343945
0.00001956	3.470196774	0.000343939
0.00001957	3.470197516	0.000343921
0.00001958	3.470198265	0.000343892
0.00001959	3.47019902	0.000343852
0.0000196	3.470199781	0.000343801
0.00001961	3.470200548	0.000343738
0.00001962	3.47020132	0.000343664
0.00001963	3.470202097	0.000343578
0.00001964	3.47020288	0.000343481
0.00001965	3.470203668	0.000343372
0.00001966	3.47020446	0.000343251
0.00001967	3.470205256	0.000343119
0.00001968	3.470206057	0.000342974
0.00001969	3.470206861	0.000342818
0.0000197	3.470207669	0.00034265
0.00001971	3.470208481	0.000342471
0.00001972	3.470209296	0.000342279
0.00001973	3.470210113	0.000342076
0.00001974	3.470210934	0.000341861
0.00001975	3.470211756	0.000341634
0.00001976	3.470212582	0.000341395
0.00001977	3.470213409	0.000341144
0.00001978	3.470214238	0.000340881
0.00001979	3.470215068	0.000340606
0.0000198	3.4702159	0.00034032
0.00001981	3.470216733	0.000340022
0.00001982	3.470217567	0.000339712
0.00001983	3.470218401	0.00033939
0.00001984	3.470219236	0.000339057
0.00001985	3.470220071	0.000338712
0.00001986	3.470220906	0.000338355
0.00001987	3.470221741	0.000337987
0.00001988	3.470222576	0.000337607
0.00001989	3.470223409	0.000337216
0.0000199	3.470224242	0.000336814
0.00001991	3.470225074	0.0003364
0.00001992	3.470225905	0.000335975
0.00001993	3.470226734	0.000335538
0.00001994	3.470227562	0.000335091
0.00001995	3.470228388	0.000334632
0.00001996	3.470229212	0.000334163
0.00001997	3.470230033	0.000333683
0.00001998	3.470230852	0.000333192
0.00001999	3.470231669	0.00033269
0.00002	3.470232482	0.000332178
